 # ================================================
 # Total time =    1.00000000    
 # Frames to write =          100
 # dt =    2.00000013E-05
 # last dt =    1.99079514E-05
 # Number of steps per frame =          505 (         509 )
 # Current time =    0.00000000    
 # ================================================
 # Using          100 cells
 # Non-ghost cell indices            0          99
 # dx =    9.99999978E-03
 # ================================================
 #   x    0.00000  0.01010  0.02020  0.03030  0.04040  0.05050  0.06060  0.07070  0.08080  0.09090  0.10100  0.11109  0.12119  0.13129  0.14139  0.15149  0.16159  0.17169  0.18179  0.19188  0.20198  0.21208  0.22218  0.23228  0.24238  0.25248  0.26257  0.27267  0.28277  0.29287  0.30297  0.31307  0.32317  0.33327  0.34336  0.35346  0.36356  0.37366  0.38376  0.39386  0.40396  0.41405  0.42415  0.43425  0.44435  0.45445  0.46455  0.47465  0.48475  0.49484  0.50495  0.51506  0.52518  0.53529  0.54540  0.55552  0.56563  0.57575  0.58586  0.59597  0.60609  0.61620  0.62631  0.63643  0.64654  0.65666  0.66677  0.67688  0.68700  0.69711  0.70722  0.71734  0.72745  0.73757  0.74768  0.75779  0.76791  0.77802  0.78813  0.79825  0.80836  0.81848  0.82859  0.83870  0.84882  0.85893  0.86904  0.87916  0.88927  0.89939  0.90950  0.91961  0.92973  0.93984  0.94995  0.96007  0.97018  0.98029  0.99041  1.00062 
-0.00500  0.00000  0.00493  0.04427  0.09018  0.12542  0.14991  0.16647  0.17758  0.18502  0.18999  0.19332  0.19554  0.19703  0.19802  0.19869  0.19914  0.19944  0.19964  0.19977  0.19986  0.19992  0.19997  0.20000  0.20001  0.20003  0.20004  0.20005  0.20005  0.20006  0.20006  0.20006  0.20006  0.20006  0.20006  0.20006  0.20006  0.20006  0.20006  0.20006  0.20006  0.20006  0.20006  0.20006  0.20006  0.20006  0.20006  0.20006  0.20006  0.20006  0.20006  0.20006  0.20006  0.20006  0.20006  0.20006  0.20006  0.20006  0.20006  0.20006  0.20006  0.20006  0.20006  0.20006  0.20006  0.20006  0.20006  0.20006  0.20006  0.20006  0.20006  0.20006  0.20006  0.20006  0.20006  0.20006  0.20006  0.20006  0.20006  0.20006  0.20006  0.20006  0.20006  0.20006  0.20006  0.20006  0.20006  0.20006  0.20006  0.20006  0.20006  0.20006  0.20006  0.20006  0.20006  0.20006  0.20006  0.20006  0.20006  0.20006  0.20006 
 0.00500  0.00000  0.00501  0.04446  0.09035  0.12554  0.14999  0.16652  0.17762  0.18504  0.19001  0.19333  0.19555  0.19703  0.19803  0.19869  0.19914  0.19944  0.19964  0.19977  0.19986  0.19992  0.19997  0.20000  0.20001  0.20003  0.20004  0.20005  0.20005  0.20006  0.20006  0.20006  0.20006  0.20006  0.20006  0.20006  0.20006  0.20006  0.20006  0.20006  0.20006  0.20006  0.20006  0.20006  0.20006  0.20006  0.20006  0.20006  0.20006  0.20006  0.20006  0.20006  0.20006  0.20006  0.20006  0.20006  0.20006  0.20006  0.20006  0.20006  0.20006  0.20006  0.20006  0.20006  0.20006  0.20006  0.20006  0.20006  0.20006  0.20006  0.20006  0.20006  0.20006  0.20006  0.20006  0.20006  0.20006  0.20006  0.20006  0.20006  0.20006  0.20006  0.20006  0.20006  0.20006  0.20006  0.20006  0.20006  0.20006  0.20006  0.20006  0.20006  0.20006  0.20006  0.20006  0.20006  0.20006  0.20006  0.20006  0.20006  0.20006 
 0.01500  0.00000  0.00523  0.04494  0.09075  0.12583  0.15019  0.16666  0.17771  0.18510  0.19005  0.19336  0.19557  0.19705  0.19804  0.19870  0.19914  0.19944  0.19964  0.19977  0.19986  0.19992  0.19997  0.20000  0.20001  0.20003  0.20004  0.20005  0.20005  0.20006  0.20006  0.20006  0.20006  0.20006  0.20006  0.20006  0.20006  0.20006  0.20006  0.20006  0.20006  0.20006  0.20006  0.20006  0.20006  0.20006  0.20006  0.20006  0.20006  0.20006  0.20006  0.20006  0.20006  0.20006  0.20006  0.20006  0.20006  0.20006  0.20006  0.20006  0.20006  0.20006  0.20006  0.20006  0.20006  0.20006  0.20006  0.20006  0.20006  0.20006  0.20006  0.20006  0.20006  0.20006  0.20006  0.20006  0.20006  0.20006  0.20006  0.20006  0.20006  0.20006  0.20006  0.20006  0.20006  0.20006  0.20006  0.20006  0.20006  0.20006  0.20006  0.20006  0.20006  0.20006  0.20006  0.20006  0.20006  0.20006  0.20006  0.20006  0.20006 
 0.02500  0.00000  0.00567  0.04589  0.09157  0.12641  0.15058  0.16693  0.17789  0.18522  0.19013  0.19341  0.19560  0.19707  0.19805  0.19871  0.19915  0.19944  0.19964  0.19978  0.19986  0.19993  0.19997  0.20000  0.20002  0.20003  0.20004  0.20005  0.20005  0.20006  0.20006  0.20006  0.20006  0.20006  0.20006  0.20006  0.20006  0.20006  0.20006  0.20006  0.20006  0.20006  0.20006  0.20006  0.20006  0.20006  0.20006  0.20006  0.20006  0.20006  0.20006  0.20006  0.20006  0.20006  0.20006  0.20006  0.20006  0.20006  0.20006  0.20006  0.20006  0.20006  0.20006  0.20006  0.20006  0.20006  0.20006  0.20006  0.20006  0.20006  0.20006  0.20006  0.20006  0.20006  0.20006  0.20006  0.20006  0.20006  0.20006  0.20006  0.20006  0.20006  0.20006  0.20006  0.20006  0.20006  0.20006  0.20006  0.20006  0.20006  0.20006  0.20006  0.20006  0.20006  0.20006  0.20006  0.20006  0.20006  0.20006  0.20006  0.20006 
 0.03500  0.00000  0.00633  0.04733  0.09279  0.12728  0.15118  0.16732  0.17815  0.18540  0.19025  0.19349  0.19566  0.19711  0.19808  0.19873  0.19916  0.19945  0.19965  0.19978  0.19987  0.19993  0.19997  0.20000  0.20002  0.20003  0.20004  0.20005  0.20005  0.20006  0.20006  0.20006  0.20006  0.20006  0.20006  0.20006  0.20006  0.20006  0.20006  0.20006  0.20006  0.20006  0.20006  0.20006  0.20006  0.20006  0.20006  0.20006  0.20006  0.20006  0.20006  0.20006  0.20006  0.20006  0.20006  0.20006  0.20006  0.20006  0.20006  0.20006  0.20006  0.20006  0.20006  0.20006  0.20006  0.20006  0.20006  0.20006  0.20006  0.20006  0.20006  0.20006  0.20006  0.20006  0.20006  0.20006  0.20006  0.20006  0.20006  0.20006  0.20006  0.20006  0.20006  0.20006  0.20006  0.20006  0.20006  0.20006  0.20006  0.20006  0.20006  0.20006  0.20006  0.20006  0.20006  0.20006  0.20006  0.20006  0.20006  0.20006  0.20006 
 0.04500  0.00000  0.00724  0.04924  0.09441  0.12843  0.15196  0.16785  0.17851  0.18564  0.19041  0.19359  0.19573  0.19715  0.19811  0.19875  0.19917  0.19946  0.19965  0.19978  0.19987  0.19993  0.19997  0.20000  0.20002  0.20003  0.20004  0.20005  0.20005  0.20006  0.20006  0.20006  0.20006  0.20006  0.20006  0.20006  0.20006  0.20006  0.20006  0.20006  0.20006  0.20006  0.20006  0.20006  0.20006  0.20006  0.20006  0.20006  0.20006  0.20006  0.20006  0.20006  0.20006  0.20006  0.20006  0.20006  0.20006  0.20006  0.20006  0.20006  0.20006  0.20006  0.20006  0.20006  0.20006  0.20006  0.20006  0.20006  0.20006  0.20006  0.20006  0.20006  0.20006  0.20006  0.20006  0.20006  0.20006  0.20006  0.20006  0.20006  0.20006  0.20006  0.20006  0.20006  0.20006  0.20006  0.20006  0.20006  0.20006  0.20006  0.20006  0.20006  0.20006  0.20006  0.20006  0.20006  0.20006  0.20006  0.20006  0.20006  0.20006 
 0.05500  0.00000  0.00842  0.05164  0.09642  0.12986  0.15294  0.16851  0.17895  0.18593  0.19060  0.19373  0.19582  0.19721  0.19815  0.19877  0.19919  0.19947  0.19966  0.19979  0.19987  0.19993  0.19997  0.20000  0.20002  0.20003  0.20004  0.20005  0.20005  0.20006  0.20006  0.20006  0.20006  0.20006  0.20006  0.20006  0.20006  0.20006  0.20006  0.20006  0.20006  0.20006  0.20006  0.20006  0.20006  0.20006  0.20006  0.20006  0.20006  0.20006  0.20006  0.20006  0.20006  0.20006  0.20006  0.20006  0.20006  0.20006  0.20006  0.20006  0.20006  0.20006  0.20006  0.20006  0.20006  0.20006  0.20006  0.20006  0.20006  0.20006  0.20006  0.20006  0.20006  0.20006  0.20006  0.20006  0.20006  0.20006  0.20006  0.20006  0.20006  0.20006  0.20006  0.20006  0.20006  0.20006  0.20006  0.20006  0.20006  0.20006  0.20006  0.20006  0.20006  0.20006  0.20006  0.20006  0.20006  0.20006  0.20006  0.20006  0.20006 
 0.06500  0.00000  0.00989  0.05452  0.09883  0.13157  0.15410  0.16929  0.17947  0.18628  0.19084  0.19388  0.19592  0.19728  0.19819  0.19880  0.19921  0.19949  0.19967  0.19979  0.19988  0.19993  0.19997  0.20000  0.20002  0.20003  0.20004  0.20005  0.20006  0.20006  0.20006  0.20006  0.20006  0.20006  0.20006  0.20006  0.20006  0.20006  0.20006  0.20006  0.20006  0.20006  0.20006  0.20006  0.20006  0.20006  0.20006  0.20006  0.20006  0.20006  0.20006  0.20006  0.20006  0.20006  0.20006  0.20006  0.20006  0.20006  0.20006  0.20006  0.20006  0.20006  0.20006  0.20006  0.20006  0.20006  0.20006  0.20006  0.20006  0.20006  0.20006  0.20006  0.20006  0.20006  0.20006  0.20006  0.20006  0.20006  0.20006  0.20006  0.20006  0.20006  0.20006  0.20006  0.20006  0.20006  0.20006  0.20006  0.20006  0.20006  0.20006  0.20006  0.20006  0.20006  0.20006  0.20006  0.20006  0.20006  0.20006  0.20006  0.20006 
 0.07500  0.00000  0.01168  0.05787  0.10162  0.13355  0.15545  0.17019  0.18008  0.18669  0.19111  0.19406  0.19604  0.19736  0.19825  0.19884  0.19924  0.19950  0.19968  0.19980  0.19988  0.19994  0.19997  0.20000  0.20002  0.20003  0.20004  0.20005  0.20006  0.20006  0.20006  0.20006  0.20006  0.20006  0.20006  0.20006  0.20006  0.20006  0.20006  0.20006  0.20006  0.20006  0.20006  0.20006  0.20006  0.20006  0.20006  0.20006  0.20006  0.20006  0.20006  0.20006  0.20006  0.20006  0.20006  0.20006  0.20006  0.20006  0.20006  0.20006  0.20006  0.20006  0.20006  0.20006  0.20006  0.20006  0.20006  0.20006  0.20006  0.20006  0.20006  0.20006  0.20006  0.20006  0.20006  0.20006  0.20006  0.20006  0.20006  0.20006  0.20006  0.20006  0.20006  0.20006  0.20006  0.20006  0.20006  0.20006  0.20006  0.20006  0.20006  0.20006  0.20006  0.20006  0.20006  0.20006  0.20006  0.20006  0.20006  0.20006  0.20006 
 0.08500  0.00000  0.01382  0.06171  0.10478  0.13579  0.15697  0.17122  0.18076  0.18714  0.19141  0.19427  0.19618  0.19745  0.19831  0.19888  0.19926  0.19952  0.19969  0.19981  0.19989  0.19994  0.19998  0.20000  0.20002  0.20003  0.20004  0.20005  0.20006  0.20006  0.20006  0.20006  0.20006  0.20006  0.20006  0.20006  0.20006  0.20006  0.20006  0.20006  0.20006  0.20006  0.20006  0.20006  0.20006  0.20006  0.20006  0.20006  0.20006  0.20006  0.20006  0.20006  0.20006  0.20006  0.20006  0.20006  0.20006  0.20006  0.20006  0.20006  0.20006  0.20006  0.20006  0.20006  0.20006  0.20006  0.20006  0.20006  0.20006  0.20006  0.20006  0.20006  0.20006  0.20006  0.20006  0.20006  0.20006  0.20006  0.20006  0.20006  0.20006  0.20006  0.20006  0.20006  0.20006  0.20006  0.20006  0.20006  0.20006  0.20006  0.20006  0.20006  0.20006  0.20006  0.20006  0.20006  0.20006  0.20006  0.20006  0.20006  0.20006 
 0.09500  0.00000  0.01635  0.06603  0.10831  0.13828  0.15866  0.17235  0.18152  0.18765  0.19175  0.19450  0.19633  0.19756  0.19838  0.19893  0.19929  0.19954  0.19971  0.19982  0.19989  0.19994  0.19998  0.20000  0.20002  0.20003  0.20004  0.20005  0.20006  0.20006  0.20006  0.20006  0.20006  0.20006  0.20006  0.20006  0.20006  0.20006  0.20006  0.20006  0.20006  0.20006  0.20006  0.20006  0.20006  0.20006  0.20006  0.20006  0.20006  0.20006  0.20006  0.20006  0.20006  0.20006  0.20006  0.20006  0.20006  0.20006  0.20006  0.20006  0.20006  0.20006  0.20006  0.20006  0.20006  0.20006  0.20006  0.20006  0.20006  0.20006  0.20006  0.20006  0.20006  0.20006  0.20006  0.20006  0.20006  0.20006  0.20006  0.20006  0.20006  0.20006  0.20006  0.20006  0.20006  0.20006  0.20006  0.20006  0.20006  0.20006  0.20006  0.20006  0.20006  0.20006  0.20006  0.20006  0.20006  0.20006  0.20006  0.20006  0.20006 
 0.10500  0.00000  0.01932  0.07083  0.11219  0.14102  0.16052  0.17360  0.18236  0.18821  0.19213  0.19475  0.19650  0.19767  0.19845  0.19898  0.19933  0.19956  0.19972  0.19983  0.19990  0.19995  0.19998  0.20001  0.20002  0.20003  0.20004  0.20005  0.20006  0.20006  0.20006  0.20006  0.20006  0.20006  0.20006  0.20006  0.20006  0.20006  0.20006  0.20006  0.20006  0.20006  0.20006  0.20006  0.20006  0.20006  0.20006  0.20006  0.20006  0.20006  0.20006  0.20006  0.20006  0.20006  0.20006  0.20006  0.20006  0.20006  0.20006  0.20006  0.20006  0.20006  0.20006  0.20006  0.20006  0.20006  0.20006  0.20006  0.20006  0.20006  0.20006  0.20006  0.20006  0.20006  0.20006  0.20006  0.20006  0.20006  0.20006  0.20006  0.20006  0.20006  0.20006  0.20006  0.20006  0.20006  0.20006  0.20006  0.20006  0.20006  0.20006  0.20006  0.20006  0.20006  0.20006  0.20006  0.20006  0.20006  0.20006  0.20006  0.20006 
 0.11500  0.00000  0.02276  0.07611  0.11642  0.14399  0.16253  0.17495  0.18326  0.18882  0.19253  0.19502  0.19668  0.19779  0.19853  0.19903  0.19936  0.19959  0.19974  0.19984  0.19991  0.19995  0.19999  0.20001  0.20002  0.20004  0.20004  0.20005  0.20006  0.20006  0.20006  0.20006  0.20006  0.20006  0.20006  0.20006  0.20006  0.20006  0.20006  0.20006  0.20006  0.20006  0.20006  0.20006  0.20006  0.20006  0.20006  0.20006  0.20006  0.20006  0.20006  0.20006  0.20006  0.20006  0.20006  0.20006  0.20006  0.20006  0.20006  0.20006  0.20006  0.20006  0.20006  0.20006  0.20006  0.20006  0.20006  0.20006  0.20006  0.20006  0.20006  0.20006  0.20006  0.20006  0.20006  0.20006  0.20006  0.20006  0.20006  0.20006  0.20006  0.20006  0.20006  0.20006  0.20006  0.20006  0.20006  0.20006  0.20006  0.20006  0.20006  0.20006  0.20006  0.20006  0.20006  0.20006  0.20006  0.20006  0.20006  0.20006  0.20006 
 0.12500  0.00000  0.02674  0.08186  0.12097  0.14718  0.16470  0.17641  0.18424  0.18947  0.19297  0.19531  0.19687  0.19792  0.19862  0.19909  0.19940  0.19961  0.19976  0.19985  0.19992  0.19996  0.19999  0.20001  0.20003  0.20004  0.20005  0.20005  0.20006  0.20006  0.20006  0.20006  0.20006  0.20006  0.20006  0.20006  0.20006  0.20006  0.20006  0.20006  0.20006  0.20006  0.20006  0.20006  0.20006  0.20006  0.20006  0.20006  0.20006  0.20006  0.20006  0.20006  0.20006  0.20006  0.20006  0.20006  0.20006  0.20006  0.20006  0.20006  0.20006  0.20006  0.20006  0.20006  0.20006  0.20006  0.20006  0.20006  0.20006  0.20006  0.20006  0.20006  0.20006  0.20006  0.20006  0.20006  0.20006  0.20006  0.20006  0.20006  0.20006  0.20006  0.20006  0.20006  0.20006  0.20006  0.20006  0.20006  0.20006  0.20006  0.20006  0.20006  0.20006  0.20006  0.20006  0.20006  0.20006  0.20006  0.20006  0.20006  0.20006 
 0.13500  0.00000  0.03129  0.08807  0.12584  0.15058  0.16700  0.17795  0.18527  0.19016  0.19343  0.19562  0.19708  0.19806  0.19871  0.19915  0.19944  0.19964  0.19977  0.19986  0.19992  0.19996  0.19999  0.20001  0.20003  0.20004  0.20005  0.20005  0.20006  0.20006  0.20006  0.20006  0.20006  0.20006  0.20006  0.20006  0.20006  0.20006  0.20006  0.20006  0.20006  0.20006  0.20006  0.20006  0.20006  0.20006  0.20006  0.20006  0.20006  0.20006  0.20006  0.20006  0.20006  0.20006  0.20006  0.20006  0.20006  0.20006  0.20006  0.20006  0.20006  0.20006  0.20006  0.20006  0.20006  0.20006  0.20006  0.20006  0.20006  0.20006  0.20006  0.20006  0.20006  0.20006  0.20006  0.20006  0.20006  0.20006  0.20006  0.20006  0.20006  0.20006  0.20006  0.20006  0.20006  0.20006  0.20006  0.20006  0.20006  0.20006  0.20006  0.20006  0.20006  0.20006  0.20006  0.20006  0.20006  0.20006  0.20006  0.20006  0.20006 
 0.14500  0.00000  0.03648  0.09475  0.13101  0.15418  0.16944  0.17959  0.18636  0.19089  0.19392  0.19594  0.19730  0.19820  0.19881  0.19922  0.19949  0.19967  0.19979  0.19988  0.19993  0.19997  0.20000  0.20002  0.20003  0.20004  0.20005  0.20005  0.20006  0.20006  0.20006  0.20006  0.20006  0.20006  0.20006  0.20006  0.20006  0.20006  0.20006  0.20006  0.20006  0.20006  0.20006  0.20006  0.20006  0.20006  0.20006  0.20006  0.20006  0.20006  0.20006  0.20006  0.20006  0.20006  0.20006  0.20006  0.20006  0.20006  0.20006  0.20006  0.20006  0.20006  0.20006  0.20006  0.20006  0.20006  0.20006  0.20006  0.20006  0.20006  0.20006  0.20006  0.20006  0.20006  0.20006  0.20006  0.20006  0.20006  0.20006  0.20006  0.20006  0.20006  0.20006  0.20006  0.20006  0.20006  0.20006  0.20006  0.20006  0.20006  0.20006  0.20006  0.20006  0.20006  0.20006  0.20006  0.20006  0.20006  0.20006  0.20006  0.20006 
 0.15500  0.00000  0.04235  0.10188  0.13646  0.15796  0.17199  0.18130  0.18751  0.19166  0.19443  0.19629  0.19753  0.19836  0.19891  0.19928  0.19953  0.19970  0.19981  0.19989  0.19994  0.19998  0.20000  0.20002  0.20003  0.20004  0.20005  0.20005  0.20006  0.20006  0.20006  0.20006  0.20006  0.20006  0.20006  0.20006  0.20006  0.20006  0.20006  0.20006  0.20006  0.20006  0.20006  0.20006  0.20006  0.20006  0.20006  0.20006  0.20006  0.20006  0.20006  0.20006  0.20006  0.20006  0.20006  0.20006  0.20006  0.20006  0.20006  0.20006  0.20006  0.20006  0.20006  0.20006  0.20006  0.20006  0.20006  0.20006  0.20006  0.20006  0.20006  0.20006  0.20006  0.20006  0.20006  0.20006  0.20006  0.20006  0.20006  0.20006  0.20006  0.20006  0.20006  0.20006  0.20006  0.20006  0.20006  0.20006  0.20006  0.20006  0.20006  0.20006  0.20006  0.20006  0.20006  0.20006  0.20006  0.20006  0.20006  0.20006  0.20006 
 0.16500  0.00000  0.04895  0.10945  0.14218  0.16192  0.17466  0.18309  0.18871  0.19246  0.19497  0.19665  0.19777  0.19852  0.19902  0.19936  0.19958  0.19973  0.19983  0.19990  0.19995  0.19998  0.20001  0.20002  0.20003  0.20004  0.20005  0.20005  0.20006  0.20006  0.20006  0.20006  0.20006  0.20006  0.20006  0.20006  0.20006  0.20006  0.20006  0.20006  0.20006  0.20006  0.20006  0.20006  0.20006  0.20006  0.20006  0.20006  0.20006  0.20006  0.20006  0.20006  0.20006  0.20006  0.20006  0.20006  0.20006  0.20006  0.20006  0.20006  0.20006  0.20006  0.20006  0.20006  0.20006  0.20006  0.20006  0.20006  0.20006  0.20006  0.20006  0.20006  0.20006  0.20006  0.20006  0.20006  0.20006  0.20006  0.20006  0.20006  0.20006  0.20006  0.20006  0.20006  0.20006  0.20006  0.20006  0.20006  0.20006  0.20006  0.20006  0.20006  0.20006  0.20006  0.20006  0.20006  0.20006  0.20006  0.20006  0.20006  0.20006 
 0.17500  0.00000  0.05634  0.11745  0.14814  0.16603  0.17744  0.18495  0.18995  0.19329  0.19553  0.19702  0.19802  0.19868  0.19913  0.19943  0.19963  0.19977  0.19986  0.19992  0.19996  0.19999  0.20001  0.20002  0.20003  0.20004  0.20005  0.20005  0.20006  0.20006  0.20006  0.20006  0.20006  0.20006  0.20006  0.20006  0.20006  0.20006  0.20006  0.20006  0.20006  0.20006  0.20006  0.20006  0.20006  0.20006  0.20006  0.20006  0.20006  0.20006  0.20006  0.20006  0.20006  0.20006  0.20006  0.20006  0.20006  0.20006  0.20006  0.20006  0.20006  0.20006  0.20006  0.20006  0.20006  0.20006  0.20006  0.20006  0.20006  0.20006  0.20006  0.20006  0.20006  0.20006  0.20006  0.20006  0.20006  0.20006  0.20006  0.20006  0.20006  0.20006  0.20006  0.20006  0.20006  0.20006  0.20006  0.20006  0.20006  0.20006  0.20006  0.20006  0.20006  0.20006  0.20006  0.20006  0.20006  0.20006  0.20006  0.20006  0.20006 
 0.18500  0.00000  0.06456  0.12586  0.15433  0.17028  0.18030  0.18687  0.19124  0.19415  0.19610  0.19740  0.19827  0.19885  0.19924  0.19951  0.19968  0.19980  0.19988  0.19993  0.19997  0.20000  0.20001  0.20003  0.20004  0.20004  0.20005  0.20005  0.20006  0.20006  0.20006  0.20006  0.20006  0.20006  0.20006  0.20006  0.20006  0.20006  0.20006  0.20006  0.20006  0.20006  0.20006  0.20006  0.20006  0.20006  0.20006  0.20006  0.20006  0.20006  0.20006  0.20006  0.20006  0.20006  0.20006  0.20006  0.20006  0.20006  0.20006  0.20006  0.20006  0.20006  0.20006  0.20006  0.20006  0.20006  0.20006  0.20006  0.20006  0.20006  0.20006  0.20006  0.20006  0.20006  0.20006  0.20006  0.20006  0.20006  0.20006  0.20006  0.20006  0.20006  0.20006  0.20006  0.20006  0.20006  0.20006  0.20006  0.20006  0.20006  0.20006  0.20006  0.20006  0.20006  0.20006  0.20006  0.20006  0.20006  0.20006  0.20006  0.20006 
 0.19500  0.00000  0.07366  0.13466  0.16071  0.17465  0.18324  0.18884  0.19256  0.19503  0.19669  0.19779  0.19854  0.19903  0.19936  0.19958  0.19973  0.19984  0.19990  0.19995  0.19998  0.20000  0.20002  0.20003  0.20004  0.20005  0.20005  0.20006  0.20006  0.20006  0.20006  0.20006  0.20006  0.20006  0.20006  0.20006  0.20006  0.20006  0.20006  0.20006  0.20006  0.20006  0.20006  0.20006  0.20006  0.20006  0.20006  0.20006  0.20006  0.20006  0.20006  0.20006  0.20006  0.20006  0.20006  0.20006  0.20006  0.20006  0.20006  0.20006  0.20006  0.20006  0.20006  0.20006  0.20006  0.20006  0.20006  0.20006  0.20006  0.20006  0.20006  0.20006  0.20006  0.20006  0.20006  0.20006  0.20006  0.20006  0.20006  0.20006  0.20006  0.20006  0.20006  0.20006  0.20006  0.20006  0.20006  0.20006  0.20006  0.20006  0.20006  0.20006  0.20006  0.20006  0.20006  0.20006  0.20006  0.20006  0.20006  0.20006  0.20006 
 0.20500  0.00000  0.08368  0.14383  0.16728  0.17912  0.18625  0.19086  0.19390  0.19593  0.19729  0.19820  0.19880  0.19921  0.19948  0.19967  0.19979  0.19987  0.19993  0.19997  0.19999  0.20001  0.20002  0.20003  0.20004  0.20005  0.20005  0.20006  0.20006  0.20006  0.20006  0.20006  0.20006  0.20006  0.20006  0.20006  0.20006  0.20006  0.20006  0.20006  0.20006  0.20006  0.20006  0.20006  0.20006  0.20006  0.20006  0.20006  0.20006  0.20006  0.20006  0.20006  0.20006  0.20006  0.20006  0.20006  0.20006  0.20006  0.20006  0.20006  0.20006  0.20006  0.20006  0.20006  0.20006  0.20006  0.20006  0.20006  0.20006  0.20006  0.20006  0.20006  0.20006  0.20006  0.20006  0.20006  0.20006  0.20006  0.20006  0.20006  0.20006  0.20006  0.20006  0.20006  0.20006  0.20006  0.20006  0.20006  0.20006  0.20006  0.20006  0.20006  0.20006  0.20006  0.20006  0.20006  0.20006  0.20006  0.20006  0.20006  0.20006 
 0.21500  0.00000  0.09464  0.15335  0.17400  0.18369  0.18932  0.19291  0.19528  0.19685  0.19790  0.19861  0.19908  0.19939  0.19961  0.19975  0.19984  0.19991  0.19995  0.19998  0.20000  0.20002  0.20003  0.20004  0.20004  0.20005  0.20005  0.20006  0.20006  0.20006  0.20006  0.20006  0.20006  0.20006  0.20006  0.20006  0.20006  0.20006  0.20006  0.20006  0.20006  0.20006  0.20006  0.20006  0.20006  0.20006  0.20006  0.20006  0.20006  0.20006  0.20006  0.20006  0.20006  0.20006  0.20006  0.20006  0.20006  0.20006  0.20006  0.20006  0.20006  0.20006  0.20006  0.20006  0.20006  0.20006  0.20006  0.20006  0.20006  0.20006  0.20006  0.20006  0.20006  0.20006  0.20006  0.20006  0.20006  0.20006  0.20006  0.20006  0.20006  0.20006  0.20006  0.20006  0.20006  0.20006  0.20006  0.20006  0.20006  0.20006  0.20006  0.20006  0.20006  0.20006  0.20006  0.20006  0.20006  0.20006  0.20006  0.20006  0.20006 
 0.22500  0.00000  0.10657  0.16318  0.18086  0.18832  0.19243  0.19499  0.19667  0.19778  0.19853  0.19902  0.19936  0.19958  0.19973  0.19983  0.19990  0.19994  0.19998  0.20000  0.20001  0.20003  0.20003  0.20004  0.20005  0.20005  0.20005  0.20006  0.20006  0.20006  0.20006  0.20006  0.20006  0.20006  0.20006  0.20006  0.20006  0.20006  0.20006  0.20006  0.20006  0.20006  0.20006  0.20006  0.20006  0.20006  0.20006  0.20006  0.20006  0.20006  0.20006  0.20006  0.20006  0.20006  0.20006  0.20006  0.20006  0.20006  0.20006  0.20006  0.20006  0.20006  0.20006  0.20006  0.20006  0.20006  0.20006  0.20006  0.20006  0.20006  0.20006  0.20006  0.20006  0.20006  0.20006  0.20006  0.20006  0.20006  0.20006  0.20006  0.20006  0.20006  0.20006  0.20006  0.20006  0.20006  0.20006  0.20006  0.20006  0.20006  0.20006  0.20006  0.20006  0.20006  0.20006  0.20006  0.20006  0.20006  0.20006  0.20006  0.20006 
 0.23500  0.00000  0.11948  0.17329  0.18781  0.19301  0.19557  0.19709  0.19807  0.19872  0.19915  0.19944  0.19964  0.19977  0.19985  0.19991  0.19995  0.19998  0.20000  0.20001  0.20002  0.20003  0.20004  0.20004  0.20005  0.20005  0.20006  0.20006  0.20006  0.20006  0.20006  0.20006  0.20006  0.20006  0.20006  0.20006  0.20006  0.20006  0.20006  0.20006  0.20006  0.20006  0.20006  0.20006  0.20006  0.20006  0.20006  0.20006  0.20006  0.20006  0.20006  0.20006  0.20006  0.20006  0.20006  0.20006  0.20006  0.20006  0.20006  0.20006  0.20006  0.20006  0.20006  0.20006  0.20006  0.20006  0.20006  0.20006  0.20006  0.20006  0.20006  0.20006  0.20006  0.20006  0.20006  0.20006  0.20006  0.20006  0.20006  0.20006  0.20006  0.20006  0.20006  0.20006  0.20006  0.20006  0.20006  0.20006  0.20006  0.20006  0.20006  0.20006  0.20006  0.20006  0.20006  0.20006  0.20006  0.20006  0.20006  0.20006  0.20006 
 0.24500  0.00000  0.13337  0.18366  0.19485  0.19773  0.19873  0.19921  0.19949  0.19967  0.19979  0.19987  0.19992  0.19996  0.19998  0.20000  0.20001  0.20002  0.20003  0.20003  0.20004  0.20004  0.20004  0.20005  0.20005  0.20005  0.20006  0.20006  0.20006  0.20006  0.20006  0.20006  0.20006  0.20006  0.20006  0.20006  0.20006  0.20006  0.20006  0.20006  0.20006  0.20006  0.20006  0.20006  0.20006  0.20006  0.20006  0.20006  0.20006  0.20006  0.20006  0.20006  0.20006  0.20006  0.20006  0.20006  0.20006  0.20006  0.20006  0.20006  0.20006  0.20006  0.20006  0.20006  0.20006  0.20006  0.20006  0.20006  0.20006  0.20006  0.20006  0.20006  0.20006  0.20006  0.20006  0.20006  0.20006  0.20006  0.20006  0.20006  0.20006  0.20006  0.20006  0.20006  0.20006  0.20006  0.20006  0.20006  0.20006  0.20006  0.20006  0.20006  0.20006  0.20006  0.20006  0.20006  0.20006  0.20006  0.20006  0.20006  0.20006 
 0.25500  0.00000  0.14823  0.19423  0.20193  0.20247  0.20189  0.20132  0.20090  0.20061  0.20042  0.20029  0.20020  0.20014  0.20011  0.20008  0.20007  0.20006  0.20005  0.20005  0.20005  0.20005  0.20005  0.20005  0.20005  0.20005  0.20006  0.20006  0.20006  0.20006  0.20006  0.20006  0.20006  0.20006  0.20006  0.20006  0.20006  0.20006  0.20006  0.20006  0.20006  0.20006  0.20006  0.20006  0.20006  0.20006  0.20006  0.20006  0.20006  0.20006  0.20006  0.20006  0.20006  0.20006  0.20006  0.20006  0.20006  0.20006  0.20006  0.20006  0.20006  0.20006  0.20006  0.20006  0.20006  0.20006  0.20006  0.20006  0.20006  0.20006  0.20006  0.20006  0.20006  0.20006  0.20006  0.20006  0.20006  0.20006  0.20006  0.20006  0.20006  0.20006  0.20006  0.20006  0.20006  0.20006  0.20006  0.20006  0.20006  0.20006  0.20006  0.20006  0.20006  0.20006  0.20006  0.20006  0.20006  0.20006  0.20006  0.20006  0.20006 
 0.26500  0.00000  0.16403  0.20498  0.20904  0.20720  0.20505  0.20343  0.20231  0.20156  0.20105  0.20071  0.20048  0.20033  0.20023  0.20017  0.20012  0.20009  0.20008  0.20006  0.20006  0.20005  0.20005  0.20005  0.20005  0.20006  0.20006  0.20006  0.20006  0.20006  0.20007  0.20007  0.20007  0.20007  0.20007  0.20007  0.20007  0.20007  0.20007  0.20007  0.20007  0.20007  0.20007  0.20007  0.20007  0.20007  0.20007  0.20007  0.20007  0.20007  0.20007  0.20007  0.20007  0.20007  0.20007  0.20007  0.20007  0.20007  0.20007  0.20007  0.20007  0.20007  0.20007  0.20007  0.20007  0.20007  0.20007  0.20007  0.20007  0.20007  0.20007  0.20007  0.20007  0.20007  0.20007  0.20007  0.20007  0.20007  0.20007  0.20007  0.20007  0.20007  0.20007  0.20007  0.20007  0.20007  0.20007  0.20007  0.20007  0.20007  0.20007  0.20007  0.20007  0.20007  0.20007  0.20007  0.20007  0.20007  0.20007  0.20007  0.20007 
 0.27500  0.00000  0.18072  0.21585  0.21614  0.21191  0.20820  0.20553  0.20372  0.20249  0.20168  0.20113  0.20076  0.20052  0.20036  0.20025  0.20018  0.20013  0.20010  0.20008  0.20007  0.20006  0.20006  0.20006  0.20006  0.20006  0.20006  0.20006  0.20006  0.20007  0.20007  0.20007  0.20007  0.20007  0.20007  0.20007  0.20007  0.20007  0.20007  0.20007  0.20007  0.20007  0.20007  0.20007  0.20007  0.20007  0.20007  0.20007  0.20007  0.20007  0.20007  0.20007  0.20007  0.20007  0.20007  0.20007  0.20007  0.20007  0.20007  0.20007  0.20007  0.20007  0.20007  0.20007  0.20007  0.20007  0.20007  0.20007  0.20007  0.20007  0.20007  0.20007  0.20007  0.20007  0.20007  0.20007  0.20007  0.20007  0.20007  0.20007  0.20007  0.20007  0.20007  0.20007  0.20007  0.20007  0.20007  0.20007  0.20007  0.20007  0.20007  0.20007  0.20007  0.20007  0.20007  0.20007  0.20007  0.20007  0.20007  0.20007  0.20007 
 0.28500  0.00000  0.19826  0.22680  0.22321  0.21658  0.21131  0.20761  0.20510  0.20342  0.20230  0.20154  0.20104  0.20070  0.20048  0.20033  0.20023  0.20017  0.20013  0.20010  0.20008  0.20007  0.20006  0.20006  0.20006  0.20006  0.20006  0.20006  0.20006  0.20007  0.20007  0.20007  0.20007  0.20007  0.20007  0.20007  0.20007  0.20007  0.20007  0.20007  0.20007  0.20007  0.20007  0.20007  0.20007  0.20007  0.20007  0.20007  0.20007  0.20007  0.20007  0.20007  0.20007  0.20007  0.20007  0.20007  0.20007  0.20007  0.20007  0.20007  0.20007  0.20007  0.20007  0.20007  0.20007  0.20007  0.20007  0.20007  0.20007  0.20007  0.20007  0.20007  0.20007  0.20007  0.20007  0.20007  0.20007  0.20007  0.20007  0.20007  0.20007  0.20007  0.20007  0.20007  0.20007  0.20007  0.20007  0.20007  0.20007  0.20007  0.20007  0.20007  0.20007  0.20007  0.20007  0.20007  0.20007  0.20007  0.20007  0.20007  0.20007 
 0.29500  0.00000  0.21655  0.23778  0.23020  0.22119  0.21437  0.20966  0.20647  0.20433  0.20291  0.20195  0.20131  0.20089  0.20060  0.20041  0.20029  0.20020  0.20015  0.20011  0.20009  0.20008  0.20007  0.20006  0.20006  0.20006  0.20006  0.20006  0.20006  0.20007  0.20007  0.20007  0.20007  0.20007  0.20007  0.20007  0.20007  0.20007  0.20007  0.20007  0.20007  0.20007  0.20007  0.20007  0.20007  0.20007  0.20007  0.20007  0.20007  0.20007  0.20007  0.20007  0.20007  0.20007  0.20007  0.20007  0.20007  0.20007  0.20007  0.20007  0.20007  0.20007  0.20007  0.20007  0.20007  0.20007  0.20007  0.20007  0.20007  0.20007  0.20007  0.20007  0.20007  0.20007  0.20007  0.20007  0.20007  0.20007  0.20007  0.20007  0.20007  0.20007  0.20007  0.20007  0.20007  0.20007  0.20007  0.20007  0.20007  0.20007  0.20007  0.20007  0.20007  0.20007  0.20007  0.20007  0.20007  0.20007  0.20007  0.20007  0.20007 
 0.30500  0.00000  0.23059  0.24583  0.23527  0.22451  0.21658  0.21113  0.20745  0.20499  0.20335  0.20224  0.20151  0.20102  0.20069  0.20047  0.20033  0.20023  0.20017  0.20013  0.20010  0.20008  0.20007  0.20007  0.20006  0.20006  0.20006  0.20006  0.20007  0.20007  0.20007  0.20007  0.20007  0.20007  0.20007  0.20007  0.20007  0.20007  0.20007  0.20007  0.20007  0.20007  0.20007  0.20007  0.20007  0.20007  0.20007  0.20007  0.20007  0.20007  0.20007  0.20007  0.20007  0.20007  0.20007  0.20007  0.20007  0.20007  0.20007  0.20007  0.20007  0.20007  0.20007  0.20007  0.20007  0.20007  0.20007  0.20007  0.20007  0.20007  0.20007  0.20007  0.20007  0.20007  0.20007  0.20007  0.20007  0.20007  0.20007  0.20007  0.20007  0.20007  0.20007  0.20007  0.20007  0.20007  0.20007  0.20007  0.20007  0.20007  0.20007  0.20007  0.20007  0.20007  0.20007  0.20007  0.20007  0.20007  0.20007  0.20007  0.20007 
 0.31500  0.00000  0.25017  0.25673  0.24206  0.22895  0.21953  0.21309  0.20877  0.20587  0.20393  0.20264  0.20177  0.20119  0.20081  0.20055  0.20038  0.20027  0.20019  0.20014  0.20011  0.20009  0.20008  0.20007  0.20006  0.20006  0.20006  0.20006  0.20007  0.20007  0.20007  0.20007  0.20007  0.20007  0.20007  0.20007  0.20007  0.20007  0.20007  0.20007  0.20007  0.20007  0.20007  0.20007  0.20007  0.20007  0.20007  0.20007  0.20007  0.20007  0.20007  0.20007  0.20007  0.20007  0.20007  0.20007  0.20007  0.20007  0.20007  0.20007  0.20007  0.20007  0.20007  0.20007  0.20007  0.20007  0.20007  0.20007  0.20007  0.20007  0.20007  0.20007  0.20007  0.20007  0.20007  0.20007  0.20007  0.20007  0.20007  0.20007  0.20007  0.20007  0.20007  0.20007  0.20007  0.20007  0.20007  0.20007  0.20007  0.20007  0.20007  0.20007  0.20007  0.20007  0.20007  0.20007  0.20007  0.20007  0.20007  0.20007  0.20007 
 0.32500  0.00000  0.27019  0.26750  0.24870  0.23327  0.22239  0.21501  0.21004  0.20672  0.20450  0.20302  0.20203  0.20136  0.20092  0.20063  0.20043  0.20030  0.20021  0.20016  0.20012  0.20010  0.20008  0.20007  0.20007  0.20006  0.20006  0.20007  0.20007  0.20007  0.20007  0.20007  0.20007  0.20007  0.20007  0.20007  0.20007  0.20007  0.20007  0.20007  0.20007  0.20007  0.20007  0.20007  0.20007  0.20007  0.20007  0.20007  0.20007  0.20007  0.20007  0.20007  0.20007  0.20007  0.20007  0.20007  0.20007  0.20007  0.20007  0.20007  0.20007  0.20007  0.20007  0.20007  0.20007  0.20007  0.20007  0.20007  0.20007  0.20007  0.20007  0.20007  0.20007  0.20007  0.20007  0.20007  0.20007  0.20007  0.20007  0.20007  0.20007  0.20007  0.20007  0.20007  0.20007  0.20007  0.20007  0.20007  0.20007  0.20007  0.20007  0.20007  0.20007  0.20007  0.20007  0.20007  0.20007  0.20007  0.20007  0.20007  0.20007 
 0.33500  0.00000  0.29054  0.27810  0.25517  0.23747  0.22517  0.21686  0.21128  0.20755  0.20506  0.20339  0.20227  0.20153  0.20103  0.20070  0.20048  0.20033  0.20024  0.20017  0.20013  0.20010  0.20008  0.20007  0.20007  0.20007  0.20007  0.20007  0.20007  0.20007  0.20007  0.20007  0.20007  0.20007  0.20007  0.20007  0.20007  0.20007  0.20007  0.20007  0.20007  0.20007  0.20007  0.20007  0.20007  0.20007  0.20007  0.20007  0.20007  0.20007  0.20007  0.20007  0.20007  0.20007  0.20007  0.20007  0.20007  0.20007  0.20007  0.20007  0.20007  0.20007  0.20007  0.20007  0.20007  0.20007  0.20007  0.20007  0.20007  0.20007  0.20007  0.20007  0.20007  0.20007  0.20007  0.20007  0.20007  0.20007  0.20007  0.20007  0.20007  0.20007  0.20007  0.20007  0.20007  0.20007  0.20007  0.20007  0.20007  0.20007  0.20007  0.20007  0.20007  0.20007  0.20007  0.20007  0.20007  0.20007  0.20007  0.20007  0.20007 
 0.34500  0.00000  0.31106  0.28846  0.26142  0.24152  0.22785  0.21864  0.21247  0.20835  0.20559  0.20374  0.20251  0.20169  0.20114  0.20077  0.20053  0.20036  0.20026  0.20018  0.20014  0.20011  0.20009  0.20008  0.20007  0.20007  0.20007  0.20007  0.20007  0.20007  0.20007  0.20007  0.20007  0.20007  0.20007  0.20007  0.20007  0.20007  0.20007  0.20007  0.20007  0.20007  0.20007  0.20007  0.20007  0.20007  0.20007  0.20007  0.20007  0.20007  0.20007  0.20007  0.20007  0.20007  0.20007  0.20007  0.20007  0.20007  0.20007  0.20007  0.20007  0.20007  0.20007  0.20007  0.20007  0.20007  0.20007  0.20007  0.20007  0.20007  0.20007  0.20007  0.20007  0.20007  0.20007  0.20007  0.20007  0.20007  0.20007  0.20007  0.20007  0.20007  0.20007  0.20007  0.20007  0.20007  0.20007  0.20007  0.20007  0.20007  0.20007  0.20007  0.20007  0.20007  0.20007  0.20007  0.20007  0.20007  0.20007  0.20007  0.20007 
 0.35500  0.00000  0.33157  0.29853  0.26745  0.24540  0.23042  0.22036  0.21362  0.20911  0.20610  0.20408  0.20274  0.20184  0.20124  0.20084  0.20057  0.20039  0.20028  0.20020  0.20015  0.20011  0.20009  0.20008  0.20007  0.20007  0.20007  0.20007  0.20007  0.20007  0.20007  0.20007  0.20007  0.20007  0.20007  0.20007  0.20007  0.20007  0.20007  0.20007  0.20007  0.20007  0.20007  0.20007  0.20007  0.20007  0.20007  0.20007  0.20007  0.20007  0.20007  0.20007  0.20007  0.20007  0.20007  0.20007  0.20007  0.20007  0.20007  0.20007  0.20007  0.20007  0.20007  0.20007  0.20007  0.20007  0.20007  0.20007  0.20007  0.20007  0.20007  0.20007  0.20007  0.20007  0.20007  0.20007  0.20007  0.20007  0.20007  0.20007  0.20007  0.20007  0.20007  0.20007  0.20007  0.20007  0.20007  0.20007  0.20007  0.20007  0.20007  0.20007  0.20007  0.20007  0.20007  0.20007  0.20007  0.20007  0.20007  0.20007  0.20007 
 0.36500  0.00000  0.35191  0.30824  0.27321  0.24911  0.23287  0.22199  0.21471  0.20984  0.20658  0.20441  0.20296  0.20199  0.20134  0.20090  0.20062  0.20042  0.20030  0.20021  0.20016  0.20012  0.20010  0.20008  0.20007  0.20007  0.20007  0.20007  0.20007  0.20007  0.20007  0.20007  0.20007  0.20007  0.20007  0.20007  0.20007  0.20007  0.20007  0.20007  0.20007  0.20007  0.20007  0.20007  0.20007  0.20007  0.20007  0.20007  0.20007  0.20007  0.20007  0.20007  0.20007  0.20007  0.20007  0.20007  0.20007  0.20007  0.20007  0.20007  0.20007  0.20007  0.20007  0.20007  0.20007  0.20007  0.20007  0.20007  0.20007  0.20007  0.20007  0.20007  0.20007  0.20007  0.20007  0.20007  0.20007  0.20007  0.20007  0.20007  0.20007  0.20007  0.20007  0.20007  0.20007  0.20007  0.20007  0.20007  0.20007  0.20007  0.20007  0.20007  0.20007  0.20007  0.20007  0.20007  0.20007  0.20007  0.20007  0.20007  0.20007 
 0.37500  0.00000  0.37189  0.31755  0.27869  0.25262  0.23519  0.22353  0.21574  0.21053  0.20704  0.20472  0.20316  0.20212  0.20143  0.20097  0.20066  0.20045  0.20031  0.20022  0.20016  0.20013  0.20010  0.20008  0.20008  0.20007  0.20007  0.20007  0.20007  0.20007  0.20007  0.20007  0.20007  0.20007  0.20007  0.20007  0.20007  0.20007  0.20007  0.20007  0.20007  0.20007  0.20007  0.20007  0.20007  0.20007  0.20007  0.20007  0.20007  0.20007  0.20007  0.20007  0.20007  0.20007  0.20007  0.20007  0.20007  0.20007  0.20007  0.20007  0.20007  0.20007  0.20007  0.20007  0.20007  0.20007  0.20007  0.20007  0.20007  0.20007  0.20007  0.20007  0.20007  0.20007  0.20007  0.20007  0.20007  0.20007  0.20007  0.20007  0.20007  0.20007  0.20007  0.20007  0.20007  0.20007  0.20007  0.20007  0.20007  0.20007  0.20007  0.20007  0.20007  0.20007  0.20007  0.20007  0.20007  0.20007  0.20007  0.20007  0.20007 
 0.38500  0.00000  0.39131  0.32639  0.28385  0.25592  0.23736  0.22498  0.21670  0.21117  0.20748  0.20501  0.20335  0.20225  0.20151  0.20102  0.20069  0.20048  0.20033  0.20023  0.20017  0.20013  0.20010  0.20009  0.20008  0.20007  0.20007  0.20007  0.20007  0.20007  0.20007  0.20007  0.20007  0.20007  0.20007  0.20007  0.20007  0.20007  0.20007  0.20007  0.20007  0.20007  0.20007  0.20007  0.20007  0.20007  0.20007  0.20007  0.20007  0.20007  0.20007  0.20007  0.20007  0.20007  0.20007  0.20007  0.20007  0.20007  0.20007  0.20007  0.20007  0.20007  0.20007  0.20007  0.20007  0.20007  0.20007  0.20007  0.20007  0.20007  0.20007  0.20007  0.20007  0.20007  0.20007  0.20007  0.20007  0.20007  0.20007  0.20007  0.20007  0.20007  0.20007  0.20007  0.20007  0.20007  0.20007  0.20007  0.20007  0.20007  0.20007  0.20007  0.20007  0.20007  0.20007  0.20007  0.20007  0.20007  0.20007  0.20007  0.20007 
 0.39500  0.00000  0.40998  0.33472  0.28868  0.25900  0.23939  0.22633  0.21760  0.21177  0.20788  0.20527  0.20353  0.20237  0.20160  0.20108  0.20073  0.20050  0.20035  0.20025  0.20018  0.20014  0.20011  0.20009  0.20008  0.20007  0.20007  0.20007  0.20007  0.20007  0.20007  0.20007  0.20007  0.20007  0.20007  0.20007  0.20007  0.20007  0.20007  0.20007  0.20007  0.20007  0.20007  0.20007  0.20007  0.20007  0.20007  0.20007  0.20007  0.20007  0.20007  0.20007  0.20007  0.20007  0.20007  0.20007  0.20007  0.20007  0.20007  0.20007  0.20007  0.20007  0.20007  0.20007  0.20007  0.20007  0.20007  0.20007  0.20007  0.20007  0.20007  0.20007  0.20007  0.20007  0.20007  0.20007  0.20007  0.20007  0.20007  0.20007  0.20007  0.20007  0.20007  0.20007  0.20007  0.20007  0.20007  0.20007  0.20007  0.20007  0.20007  0.20007  0.20007  0.20007  0.20007  0.20007  0.20007  0.20007  0.20007  0.20007  0.20007 
 0.40500  1.00000  0.42771  0.34247  0.29314  0.26184  0.24126  0.22757  0.21843  0.21233  0.20825  0.20552  0.20370  0.20248  0.20167  0.20113  0.20076  0.20052  0.20036  0.20026  0.20019  0.20014  0.20011  0.20009  0.20008  0.20007  0.20007  0.20007  0.20007  0.20007  0.20007  0.20007  0.20007  0.20007  0.20007  0.20007  0.20007  0.20007  0.20007  0.20007  0.20007  0.20007  0.20007  0.20007  0.20007  0.20007  0.20007  0.20007  0.20007  0.20007  0.20007  0.20007  0.20007  0.20007  0.20007  0.20007  0.20007  0.20007  0.20007  0.20007  0.20007  0.20007  0.20007  0.20007  0.20007  0.20007  0.20007  0.20007  0.20007  0.20007  0.20007  0.20007  0.20007  0.20007  0.20007  0.20007  0.20007  0.20007  0.20007  0.20007  0.20007  0.20007  0.20007  0.20007  0.20007  0.20007  0.20007  0.20007  0.20007  0.20007  0.20007  0.20007  0.20007  0.20007  0.20007  0.20007  0.20007  0.20007  0.20007  0.20007  0.20007 
 0.41500  1.00000  0.44431  0.34961  0.29723  0.26444  0.24297  0.22871  0.21919  0.21284  0.20859  0.20575  0.20385  0.20258  0.20174  0.20117  0.20079  0.20054  0.20037  0.20026  0.20019  0.20014  0.20011  0.20009  0.20008  0.20007  0.20007  0.20007  0.20007  0.20007  0.20007  0.20007  0.20007  0.20007  0.20007  0.20007  0.20007  0.20007  0.20007  0.20007  0.20007  0.20007  0.20007  0.20007  0.20007  0.20007  0.20007  0.20007  0.20007  0.20007  0.20007  0.20007  0.20007  0.20007  0.20007  0.20007  0.20007  0.20007  0.20007  0.20007  0.20007  0.20007  0.20007  0.20007  0.20007  0.20007  0.20007  0.20007  0.20007  0.20007  0.20007  0.20007  0.20007  0.20007  0.20007  0.20007  0.20007  0.20007  0.20007  0.20007  0.20007  0.20007  0.20007  0.20007  0.20007  0.20007  0.20007  0.20007  0.20007  0.20007  0.20007  0.20007  0.20007  0.20007  0.20007  0.20007  0.20007  0.20007  0.20007  0.20007  0.20007 
 0.42500  1.00000  0.45959  0.35607  0.30091  0.26677  0.24450  0.22973  0.21987  0.21329  0.20889  0.20595  0.20399  0.20267  0.20180  0.20121  0.20082  0.20056  0.20039  0.20027  0.20020  0.20015  0.20012  0.20009  0.20008  0.20008  0.20008  0.20008  0.20008  0.20008  0.20008  0.20008  0.20008  0.20008  0.20008  0.20008  0.20008  0.20008  0.20008  0.20008  0.20008  0.20008  0.20008  0.20008  0.20008  0.20008  0.20008  0.20008  0.20008  0.20008  0.20008  0.20008  0.20008  0.20008  0.20008  0.20008  0.20008  0.20008  0.20008  0.20008  0.20008  0.20008  0.20008  0.20008  0.20008  0.20008  0.20008  0.20008  0.20008  0.20008  0.20008  0.20008  0.20008  0.20008  0.20008  0.20008  0.20008  0.20008  0.20008  0.20008  0.20008  0.20008  0.20008  0.20008  0.20008  0.20008  0.20008  0.20008  0.20008  0.20008  0.20008  0.20008  0.20008  0.20008  0.20008  0.20008  0.20008  0.20008  0.20008  0.20008  0.20008 
 0.43500  1.00000  0.47339  0.36183  0.30417  0.26884  0.24586  0.23063  0.22047  0.21369  0.20916  0.20613  0.20411  0.20275  0.20185  0.20125  0.20084  0.20058  0.20040  0.20028  0.20020  0.20015  0.20012  0.20010  0.20008  0.20008  0.20008  0.20008  0.20008  0.20008  0.20008  0.20008  0.20008  0.20008  0.20008  0.20008  0.20008  0.20008  0.20008  0.20008  0.20008  0.20008  0.20008  0.20008  0.20008  0.20008  0.20008  0.20008  0.20008  0.20008  0.20008  0.20008  0.20008  0.20008  0.20008  0.20008  0.20008  0.20008  0.20008  0.20008  0.20008  0.20008  0.20008  0.20008  0.20008  0.20008  0.20008  0.20008  0.20008  0.20008  0.20008  0.20008  0.20008  0.20008  0.20008  0.20008  0.20008  0.20008  0.20008  0.20008  0.20008  0.20008  0.20008  0.20008  0.20008  0.20008  0.20008  0.20008  0.20008  0.20008  0.20008  0.20008  0.20008  0.20008  0.20008  0.20008  0.20008  0.20008  0.20008  0.20008  0.20008 
 0.44500  1.00000  0.48553  0.36684  0.30699  0.27062  0.24703  0.23141  0.22100  0.21404  0.20939  0.20629  0.20421  0.20282  0.20190  0.20128  0.20087  0.20059  0.20041  0.20029  0.20021  0.20015  0.20012  0.20010  0.20008  0.20008  0.20008  0.20008  0.20008  0.20008  0.20008  0.20008  0.20008  0.20008  0.20008  0.20008  0.20008  0.20008  0.20008  0.20008  0.20008  0.20008  0.20008  0.20008  0.20008  0.20008  0.20008  0.20008  0.20008  0.20008  0.20008  0.20008  0.20008  0.20008  0.20008  0.20008  0.20008  0.20008  0.20008  0.20008  0.20008  0.20008  0.20008  0.20008  0.20008  0.20008  0.20008  0.20008  0.20008  0.20008  0.20008  0.20008  0.20008  0.20008  0.20008  0.20008  0.20008  0.20008  0.20008  0.20008  0.20008  0.20008  0.20008  0.20008  0.20008  0.20008  0.20008  0.20008  0.20008  0.20008  0.20008  0.20008  0.20008  0.20008  0.20008  0.20008  0.20008  0.20008  0.20008  0.20008  0.20008 
 0.45500  1.00000  0.49589  0.37107  0.30937  0.27212  0.24802  0.23206  0.22143  0.21433  0.20959  0.20642  0.20430  0.20288  0.20194  0.20130  0.20088  0.20060  0.20041  0.20029  0.20021  0.20016  0.20012  0.20010  0.20008  0.20008  0.20008  0.20008  0.20008  0.20008  0.20008  0.20008  0.20008  0.20008  0.20008  0.20008  0.20008  0.20008  0.20008  0.20008  0.20008  0.20008  0.20008  0.20008  0.20008  0.20008  0.20008  0.20008  0.20008  0.20008  0.20008  0.20008  0.20008  0.20008  0.20008  0.20008  0.20008  0.20008  0.20008  0.20008  0.20008  0.20008  0.20008  0.20008  0.20008  0.20008  0.20008  0.20008  0.20008  0.20008  0.20008  0.20008  0.20008  0.20008  0.20008  0.20008  0.20008  0.20008  0.20008  0.20008  0.20008  0.20008  0.20008  0.20008  0.20008  0.20008  0.20008  0.20008  0.20008  0.20008  0.20008  0.20008  0.20008  0.20008  0.20008  0.20008  0.20008  0.20008  0.20008  0.20008  0.20008 
 0.46500  1.00000  0.50433  0.37449  0.31129  0.27333  0.24881  0.23259  0.22178  0.21457  0.20974  0.20652  0.20437  0.20293  0.20197  0.20133  0.20090  0.20061  0.20042  0.20029  0.20021  0.20016  0.20012  0.20010  0.20008  0.20008  0.20008  0.20008  0.20008  0.20008  0.20008  0.20008  0.20008  0.20008  0.20008  0.20008  0.20008  0.20008  0.20008  0.20008  0.20008  0.20008  0.20008  0.20008  0.20008  0.20008  0.20008  0.20008  0.20008  0.20008  0.20008  0.20008  0.20008  0.20008  0.20008  0.20008  0.20008  0.20008  0.20008  0.20008  0.20008  0.20008  0.20008  0.20008  0.20008  0.20008  0.20008  0.20008  0.20008  0.20008  0.20008  0.20008  0.20008  0.20008  0.20008  0.20008  0.20008  0.20008  0.20008  0.20008  0.20008  0.20008  0.20008  0.20008  0.20008  0.20008  0.20008  0.20008  0.20008  0.20008  0.20008  0.20008  0.20008  0.20008  0.20008  0.20008  0.20008  0.20008  0.20008  0.20008  0.20008 
 0.47500  1.00000  0.51075  0.37707  0.31273  0.27424  0.24941  0.23299  0.22205  0.21474  0.20986  0.20660  0.20442  0.20296  0.20199  0.20134  0.20091  0.20062  0.20043  0.20030  0.20021  0.20016  0.20012  0.20010  0.20008  0.20008  0.20008  0.20008  0.20008  0.20008  0.20008  0.20008  0.20008  0.20008  0.20008  0.20008  0.20008  0.20008  0.20008  0.20008  0.20008  0.20008  0.20008  0.20008  0.20008  0.20008  0.20008  0.20008  0.20008  0.20008  0.20008  0.20008  0.20008  0.20008  0.20008  0.20008  0.20008  0.20008  0.20008  0.20008  0.20008  0.20008  0.20008  0.20008  0.20008  0.20008  0.20008  0.20008  0.20008  0.20008  0.20008  0.20008  0.20008  0.20008  0.20008  0.20008  0.20008  0.20008  0.20008  0.20008  0.20008  0.20008  0.20008  0.20008  0.20008  0.20008  0.20008  0.20008  0.20008  0.20008  0.20008  0.20008  0.20008  0.20008  0.20008  0.20008  0.20008  0.20008  0.20008  0.20008  0.20008 
 0.48500  1.00000  0.51509  0.37880  0.31370  0.27485  0.24981  0.23325  0.22222  0.21486  0.20994  0.20665  0.20445  0.20299  0.20201  0.20135  0.20091  0.20062  0.20043  0.20030  0.20022  0.20016  0.20012  0.20010  0.20008  0.20008  0.20008  0.20008  0.20008  0.20008  0.20008  0.20008  0.20008  0.20008  0.20008  0.20008  0.20008  0.20008  0.20008  0.20008  0.20008  0.20008  0.20008  0.20008  0.20008  0.20008  0.20008  0.20008  0.20008  0.20008  0.20008  0.20008  0.20008  0.20008  0.20008  0.20008  0.20008  0.20008  0.20008  0.20008  0.20008  0.20008  0.20008  0.20008  0.20008  0.20008  0.20008  0.20008  0.20008  0.20008  0.20008  0.20008  0.20008  0.20008  0.20008  0.20008  0.20008  0.20008  0.20008  0.20008  0.20008  0.20008  0.20008  0.20008  0.20008  0.20008  0.20008  0.20008  0.20008  0.20008  0.20008  0.20008  0.20008  0.20008  0.20008  0.20008  0.20008  0.20008  0.20008  0.20008  0.20008 
 0.49500  1.00000  0.51727  0.37968  0.31418  0.27515  0.25000  0.23338  0.22231  0.21492  0.20998  0.20668  0.20447  0.20300  0.20201  0.20136  0.20092  0.20062  0.20043  0.20030  0.20022  0.20016  0.20012  0.20010  0.20008  0.20008  0.20008  0.20008  0.20008  0.20008  0.20008  0.20008  0.20008  0.20008  0.20008  0.20008  0.20008  0.20008  0.20008  0.20008  0.20008  0.20008  0.20008  0.20008  0.20008  0.20008  0.20008  0.20008  0.20008  0.20008  0.20008  0.20008  0.20008  0.20008  0.20008  0.20008  0.20008  0.20008  0.20008  0.20008  0.20008  0.20008  0.20008  0.20008  0.20008  0.20008  0.20008  0.20008  0.20008  0.20008  0.20008  0.20008  0.20008  0.20008  0.20008  0.20008  0.20008  0.20008  0.20008  0.20008  0.20008  0.20008  0.20008  0.20008  0.20008  0.20008  0.20008  0.20008  0.20008  0.20008  0.20008  0.20008  0.20008  0.20008  0.20008  0.20008  0.20008  0.20008  0.20008  0.20008  0.20008 
 0.50500  1.00000  0.51728  0.37968  0.31418  0.27515  0.25000  0.23338  0.22231  0.21492  0.20998  0.20668  0.20447  0.20300  0.20201  0.20136  0.20092  0.20062  0.20043  0.20030  0.20022  0.20016  0.20012  0.20010  0.20008  0.20008  0.20008  0.20008  0.20008  0.20008  0.20008  0.20008  0.20008  0.20008  0.20008  0.20008  0.20008  0.20008  0.20008  0.20008  0.20008  0.20008  0.20008  0.20008  0.20008  0.20008  0.20008  0.20008  0.20008  0.20008  0.20008  0.20008  0.20008  0.20008  0.20008  0.20008  0.20008  0.20008  0.20008  0.20008  0.20008  0.20008  0.20008  0.20008  0.20008  0.20008  0.20008  0.20008  0.20008  0.20008  0.20008  0.20008  0.20008  0.20008  0.20008  0.20008  0.20008  0.20008  0.20008  0.20008  0.20008  0.20008  0.20008  0.20008  0.20008  0.20008  0.20008  0.20008  0.20008  0.20008  0.20008  0.20008  0.20008  0.20008  0.20008  0.20008  0.20008  0.20008  0.20008  0.20008  0.20008 
 0.51500  1.00000  0.51512  0.37881  0.31370  0.27484  0.24980  0.23325  0.22222  0.21486  0.20994  0.20665  0.20445  0.20299  0.20201  0.20135  0.20091  0.20062  0.20043  0.20030  0.20022  0.20016  0.20012  0.20010  0.20008  0.20008  0.20008  0.20008  0.20008  0.20008  0.20008  0.20008  0.20008  0.20008  0.20008  0.20008  0.20008  0.20008  0.20008  0.20008  0.20008  0.20008  0.20008  0.20008  0.20008  0.20008  0.20008  0.20008  0.20008  0.20008  0.20008  0.20008  0.20008  0.20008  0.20008  0.20008  0.20008  0.20008  0.20008  0.20008  0.20008  0.20008  0.20008  0.20008  0.20008  0.20008  0.20008  0.20008  0.20008  0.20008  0.20008  0.20008  0.20008  0.20008  0.20008  0.20008  0.20008  0.20008  0.20008  0.20008  0.20008  0.20008  0.20008  0.20008  0.20008  0.20008  0.20008  0.20008  0.20008  0.20008  0.20008  0.20008  0.20008  0.20008  0.20008  0.20008  0.20008  0.20008  0.20008  0.20008  0.20008 
 0.52500  1.00000  0.51081  0.37708  0.31273  0.27423  0.24940  0.23298  0.22204  0.21474  0.20986  0.20660  0.20442  0.20296  0.20199  0.20134  0.20091  0.20062  0.20043  0.20030  0.20021  0.20016  0.20012  0.20010  0.20008  0.20008  0.20008  0.20008  0.20008  0.20008  0.20008  0.20008  0.20008  0.20008  0.20008  0.20008  0.20008  0.20008  0.20008  0.20008  0.20008  0.20008  0.20008  0.20008  0.20008  0.20008  0.20008  0.20008  0.20008  0.20008  0.20008  0.20008  0.20008  0.20008  0.20008  0.20008  0.20008  0.20008  0.20008  0.20008  0.20008  0.20008  0.20008  0.20008  0.20008  0.20008  0.20008  0.20008  0.20008  0.20008  0.20008  0.20008  0.20008  0.20008  0.20008  0.20008  0.20008  0.20008  0.20008  0.20008  0.20008  0.20008  0.20008  0.20008  0.20008  0.20008  0.20008  0.20008  0.20008  0.20008  0.20008  0.20008  0.20008  0.20008  0.20008  0.20008  0.20008  0.20008  0.20008  0.20008  0.20008 
 0.53500  1.00000  0.50441  0.37450  0.31128  0.27332  0.24880  0.23258  0.22178  0.21456  0.20974  0.20652  0.20436  0.20293  0.20197  0.20132  0.20090  0.20061  0.20042  0.20029  0.20021  0.20016  0.20012  0.20010  0.20008  0.20008  0.20008  0.20008  0.20008  0.20008  0.20008  0.20008  0.20008  0.20008  0.20008  0.20008  0.20008  0.20008  0.20008  0.20008  0.20008  0.20008  0.20008  0.20008  0.20008  0.20008  0.20008  0.20008  0.20008  0.20008  0.20008  0.20008  0.20008  0.20008  0.20008  0.20008  0.20008  0.20008  0.20008  0.20008  0.20008  0.20008  0.20008  0.20008  0.20008  0.20008  0.20008  0.20008  0.20008  0.20008  0.20008  0.20008  0.20008  0.20008  0.20008  0.20008  0.20008  0.20008  0.20008  0.20008  0.20008  0.20008  0.20008  0.20008  0.20008  0.20008  0.20008  0.20008  0.20008  0.20008  0.20008  0.20008  0.20008  0.20008  0.20008  0.20008  0.20008  0.20008  0.20008  0.20008  0.20008 
 0.54500  1.00000  0.49599  0.37109  0.30936  0.27211  0.24800  0.23205  0.22142  0.21432  0.20958  0.20641  0.20429  0.20288  0.20193  0.20130  0.20088  0.20060  0.20041  0.20029  0.20021  0.20016  0.20012  0.20010  0.20008  0.20008  0.20008  0.20008  0.20008  0.20008  0.20008  0.20008  0.20008  0.20008  0.20008  0.20008  0.20008  0.20008  0.20008  0.20008  0.20008  0.20008  0.20008  0.20008  0.20008  0.20008  0.20008  0.20008  0.20008  0.20008  0.20008  0.20008  0.20008  0.20008  0.20008  0.20008  0.20008  0.20008  0.20008  0.20008  0.20008  0.20008  0.20008  0.20008  0.20008  0.20008  0.20008  0.20008  0.20008  0.20008  0.20008  0.20008  0.20008  0.20008  0.20008  0.20008  0.20008  0.20008  0.20008  0.20008  0.20008  0.20008  0.20008  0.20008  0.20008  0.20008  0.20008  0.20008  0.20008  0.20008  0.20008  0.20008  0.20008  0.20008  0.20008  0.20008  0.20008  0.20008  0.20008  0.20008  0.20008 
 0.55500  1.00000  0.48566  0.36687  0.30699  0.27061  0.24702  0.23140  0.22098  0.21403  0.20939  0.20628  0.20421  0.20282  0.20189  0.20128  0.20086  0.20059  0.20041  0.20028  0.20021  0.20015  0.20012  0.20010  0.20008  0.20008  0.20008  0.20008  0.20008  0.20008  0.20008  0.20008  0.20008  0.20008  0.20008  0.20008  0.20008  0.20008  0.20008  0.20008  0.20008  0.20008  0.20008  0.20008  0.20008  0.20008  0.20008  0.20008  0.20008  0.20008  0.20008  0.20008  0.20008  0.20008  0.20008  0.20008  0.20008  0.20008  0.20008  0.20008  0.20008  0.20008  0.20008  0.20008  0.20008  0.20008  0.20008  0.20008  0.20008  0.20008  0.20008  0.20008  0.20008  0.20008  0.20008  0.20008  0.20008  0.20008  0.20008  0.20008  0.20008  0.20008  0.20008  0.20008  0.20008  0.20008  0.20008  0.20008  0.20008  0.20008  0.20008  0.20008  0.20008  0.20008  0.20008  0.20008  0.20008  0.20008  0.20008  0.20008  0.20008 
 0.56500  1.00000  0.47353  0.36186  0.30416  0.26882  0.24584  0.23061  0.22046  0.21368  0.20915  0.20613  0.20410  0.20275  0.20185  0.20125  0.20084  0.20058  0.20040  0.20028  0.20020  0.20015  0.20012  0.20010  0.20008  0.20008  0.20008  0.20008  0.20008  0.20008  0.20008  0.20008  0.20008  0.20008  0.20008  0.20008  0.20008  0.20008  0.20008  0.20008  0.20008  0.20008  0.20008  0.20008  0.20008  0.20008  0.20008  0.20008  0.20008  0.20008  0.20008  0.20008  0.20008  0.20008  0.20008  0.20008  0.20008  0.20008  0.20008  0.20008  0.20008  0.20008  0.20008  0.20008  0.20008  0.20008  0.20008  0.20008  0.20008  0.20008  0.20008  0.20008  0.20008  0.20008  0.20008  0.20008  0.20008  0.20008  0.20008  0.20008  0.20008  0.20008  0.20008  0.20008  0.20008  0.20008  0.20008  0.20008  0.20008  0.20008  0.20008  0.20008  0.20008  0.20008  0.20008  0.20008  0.20008  0.20008  0.20008  0.20008  0.20008 
 0.57500  1.00000  0.45976  0.35611  0.30089  0.26675  0.24448  0.22971  0.21986  0.21328  0.20888  0.20594  0.20398  0.20267  0.20179  0.20121  0.20082  0.20056  0.20039  0.20027  0.20020  0.20015  0.20011  0.20009  0.20008  0.20008  0.20008  0.20008  0.20008  0.20008  0.20008  0.20008  0.20008  0.20008  0.20008  0.20008  0.20008  0.20008  0.20008  0.20008  0.20008  0.20008  0.20008  0.20008  0.20008  0.20008  0.20008  0.20008  0.20008  0.20008  0.20008  0.20008  0.20008  0.20008  0.20008  0.20008  0.20008  0.20008  0.20008  0.20008  0.20008  0.20008  0.20008  0.20008  0.20008  0.20008  0.20008  0.20008  0.20008  0.20008  0.20008  0.20008  0.20008  0.20008  0.20008  0.20008  0.20008  0.20008  0.20008  0.20008  0.20008  0.20008  0.20008  0.20008  0.20008  0.20008  0.20008  0.20008  0.20008  0.20008  0.20008  0.20008  0.20008  0.20008  0.20008  0.20008  0.20008  0.20008  0.20008  0.20008  0.20008 
 0.58500  1.00000  0.44449  0.34964  0.29721  0.26441  0.24294  0.22869  0.21918  0.21282  0.20858  0.20574  0.20385  0.20258  0.20173  0.20117  0.20079  0.20054  0.20037  0.20026  0.20019  0.20014  0.20011  0.20009  0.20008  0.20007  0.20007  0.20007  0.20007  0.20007  0.20007  0.20007  0.20007  0.20007  0.20007  0.20007  0.20007  0.20007  0.20007  0.20007  0.20007  0.20007  0.20007  0.20007  0.20007  0.20007  0.20007  0.20007  0.20007  0.20007  0.20007  0.20007  0.20007  0.20007  0.20007  0.20007  0.20007  0.20007  0.20007  0.20007  0.20007  0.20007  0.20007  0.20007  0.20007  0.20007  0.20007  0.20007  0.20007  0.20007  0.20007  0.20007  0.20007  0.20007  0.20007  0.20007  0.20007  0.20007  0.20007  0.20007  0.20007  0.20007  0.20007  0.20007  0.20007  0.20007  0.20007  0.20007  0.20007  0.20007  0.20007  0.20007  0.20007  0.20007  0.20007  0.20007  0.20007  0.20007  0.20007  0.20007  0.20007 
 0.59500  1.00000  0.42791  0.34251  0.29312  0.26182  0.24124  0.22755  0.21842  0.21232  0.20824  0.20551  0.20369  0.20248  0.20167  0.20112  0.20076  0.20052  0.20036  0.20025  0.20019  0.20014  0.20011  0.20009  0.20008  0.20007  0.20007  0.20007  0.20007  0.20007  0.20007  0.20007  0.20007  0.20007  0.20007  0.20007  0.20007  0.20007  0.20007  0.20007  0.20007  0.20007  0.20007  0.20007  0.20007  0.20007  0.20007  0.20007  0.20007  0.20007  0.20007  0.20007  0.20007  0.20007  0.20007  0.20007  0.20007  0.20007  0.20007  0.20007  0.20007  0.20007  0.20007  0.20007  0.20007  0.20007  0.20007  0.20007  0.20007  0.20007  0.20007  0.20007  0.20007  0.20007  0.20007  0.20007  0.20007  0.20007  0.20007  0.20007  0.20007  0.20007  0.20007  0.20007  0.20007  0.20007  0.20007  0.20007  0.20007  0.20007  0.20007  0.20007  0.20007  0.20007  0.20007  0.20007  0.20007  0.20007  0.20007  0.20007  0.20007 
 0.60500  0.00000  0.41020  0.33476  0.28866  0.25897  0.23936  0.22630  0.21758  0.21176  0.20787  0.20527  0.20353  0.20237  0.20159  0.20107  0.20073  0.20050  0.20035  0.20024  0.20018  0.20014  0.20011  0.20009  0.20008  0.20007  0.20007  0.20007  0.20007  0.20007  0.20007  0.20007  0.20007  0.20007  0.20007  0.20007  0.20007  0.20007  0.20007  0.20007  0.20007  0.20007  0.20007  0.20007  0.20007  0.20007  0.20007  0.20007  0.20007  0.20007  0.20007  0.20007  0.20007  0.20007  0.20007  0.20007  0.20007  0.20007  0.20007  0.20007  0.20007  0.20007  0.20007  0.20007  0.20007  0.20007  0.20007  0.20007  0.20007  0.20007  0.20007  0.20007  0.20007  0.20007  0.20007  0.20007  0.20007  0.20007  0.20007  0.20007  0.20007  0.20007  0.20007  0.20007  0.20007  0.20007  0.20007  0.20007  0.20007  0.20007  0.20007  0.20007  0.20007  0.20007  0.20007  0.20007  0.20007  0.20007  0.20007  0.20007  0.20007 
 0.61500  0.00000  0.39154  0.32643  0.28383  0.25589  0.23733  0.22495  0.21668  0.21116  0.20746  0.20500  0.20335  0.20225  0.20151  0.20102  0.20069  0.20047  0.20033  0.20023  0.20017  0.20013  0.20010  0.20009  0.20008  0.20007  0.20007  0.20007  0.20007  0.20007  0.20007  0.20007  0.20007  0.20007  0.20007  0.20007  0.20007  0.20007  0.20007  0.20007  0.20007  0.20007  0.20007  0.20007  0.20007  0.20007  0.20007  0.20007  0.20007  0.20007  0.20007  0.20007  0.20007  0.20007  0.20007  0.20007  0.20007  0.20007  0.20007  0.20007  0.20007  0.20007  0.20007  0.20007  0.20007  0.20007  0.20007  0.20007  0.20007  0.20007  0.20007  0.20007  0.20007  0.20007  0.20007  0.20007  0.20007  0.20007  0.20007  0.20007  0.20007  0.20007  0.20007  0.20007  0.20007  0.20007  0.20007  0.20007  0.20007  0.20007  0.20007  0.20007  0.20007  0.20007  0.20007  0.20007  0.20007  0.20007  0.20007  0.20007  0.20007 
 0.62500  0.00000  0.37213  0.31758  0.27866  0.25258  0.23515  0.22350  0.21571  0.21051  0.20703  0.20471  0.20315  0.20212  0.20142  0.20096  0.20065  0.20045  0.20031  0.20022  0.20016  0.20013  0.20010  0.20008  0.20008  0.20007  0.20007  0.20007  0.20007  0.20007  0.20007  0.20007  0.20007  0.20007  0.20007  0.20007  0.20007  0.20007  0.20007  0.20007  0.20007  0.20007  0.20007  0.20007  0.20007  0.20007  0.20007  0.20007  0.20007  0.20007  0.20007  0.20007  0.20007  0.20007  0.20007  0.20007  0.20007  0.20007  0.20007  0.20007  0.20007  0.20007  0.20007  0.20007  0.20007  0.20007  0.20007  0.20007  0.20007  0.20007  0.20007  0.20007  0.20007  0.20007  0.20007  0.20007  0.20007  0.20007  0.20007  0.20007  0.20007  0.20007  0.20007  0.20007  0.20007  0.20007  0.20007  0.20007  0.20007  0.20007  0.20007  0.20007  0.20007  0.20007  0.20007  0.20007  0.20007  0.20007  0.20007  0.20007  0.20007 
 0.63500  0.00000  0.35216  0.30827  0.27318  0.24907  0.23283  0.22195  0.21468  0.20982  0.20657  0.20440  0.20295  0.20198  0.20133  0.20090  0.20061  0.20042  0.20029  0.20021  0.20016  0.20012  0.20010  0.20008  0.20007  0.20007  0.20007  0.20007  0.20007  0.20007  0.20007  0.20007  0.20007  0.20007  0.20007  0.20007  0.20007  0.20007  0.20007  0.20007  0.20007  0.20007  0.20007  0.20007  0.20007  0.20007  0.20007  0.20007  0.20007  0.20007  0.20007  0.20007  0.20007  0.20007  0.20007  0.20007  0.20007  0.20007  0.20007  0.20007  0.20007  0.20007  0.20007  0.20007  0.20007  0.20007  0.20007  0.20007  0.20007  0.20007  0.20007  0.20007  0.20007  0.20007  0.20007  0.20007  0.20007  0.20007  0.20007  0.20007  0.20007  0.20007  0.20007  0.20007  0.20007  0.20007  0.20007  0.20007  0.20007  0.20007  0.20007  0.20007  0.20007  0.20007  0.20007  0.20007  0.20007  0.20007  0.20007  0.20007  0.20007 
 0.64500  0.00000  0.33182  0.29855  0.26741  0.24536  0.23038  0.22032  0.21359  0.20909  0.20608  0.20407  0.20273  0.20183  0.20124  0.20084  0.20057  0.20039  0.20028  0.20020  0.20015  0.20011  0.20009  0.20008  0.20007  0.20007  0.20007  0.20007  0.20007  0.20007  0.20007  0.20007  0.20007  0.20007  0.20007  0.20007  0.20007  0.20007  0.20007  0.20007  0.20007  0.20007  0.20007  0.20007  0.20007  0.20007  0.20007  0.20007  0.20007  0.20007  0.20007  0.20007  0.20007  0.20007  0.20007  0.20007  0.20007  0.20007  0.20007  0.20007  0.20007  0.20007  0.20007  0.20007  0.20007  0.20007  0.20007  0.20007  0.20007  0.20007  0.20007  0.20007  0.20007  0.20007  0.20007  0.20007  0.20007  0.20007  0.20007  0.20007  0.20007  0.20007  0.20007  0.20007  0.20007  0.20007  0.20007  0.20007  0.20007  0.20007  0.20007  0.20007  0.20007  0.20007  0.20007  0.20007  0.20007  0.20007  0.20007  0.20007  0.20007 
 0.65500  0.00000  0.31130  0.28848  0.26138  0.24147  0.22781  0.21861  0.21245  0.20832  0.20557  0.20373  0.20250  0.20168  0.20113  0.20077  0.20052  0.20036  0.20025  0.20018  0.20014  0.20011  0.20009  0.20008  0.20007  0.20007  0.20007  0.20007  0.20007  0.20007  0.20007  0.20007  0.20007  0.20007  0.20007  0.20007  0.20007  0.20007  0.20007  0.20007  0.20007  0.20007  0.20007  0.20007  0.20007  0.20007  0.20007  0.20007  0.20007  0.20007  0.20007  0.20007  0.20007  0.20007  0.20007  0.20007  0.20007  0.20007  0.20007  0.20007  0.20007  0.20007  0.20007  0.20007  0.20007  0.20007  0.20007  0.20007  0.20007  0.20007  0.20007  0.20007  0.20007  0.20007  0.20007  0.20007  0.20007  0.20007  0.20007  0.20007  0.20007  0.20007  0.20007  0.20007  0.20007  0.20007  0.20007  0.20007  0.20007  0.20007  0.20007  0.20007  0.20007  0.20007  0.20007  0.20007  0.20007  0.20007  0.20007  0.20007  0.20007 
 0.66500  0.00000  0.29079  0.27811  0.25512  0.23742  0.22513  0.21682  0.21125  0.20753  0.20504  0.20337  0.20226  0.20152  0.20103  0.20070  0.20048  0.20033  0.20023  0.20017  0.20013  0.20010  0.20008  0.20007  0.20007  0.20007  0.20007  0.20007  0.20007  0.20007  0.20007  0.20007  0.20007  0.20007  0.20007  0.20007  0.20007  0.20007  0.20007  0.20007  0.20007  0.20007  0.20007  0.20007  0.20007  0.20007  0.20007  0.20007  0.20007  0.20007  0.20007  0.20007  0.20007  0.20007  0.20007  0.20007  0.20007  0.20007  0.20007  0.20007  0.20007  0.20007  0.20007  0.20007  0.20007  0.20007  0.20007  0.20007  0.20007  0.20007  0.20007  0.20007  0.20007  0.20007  0.20007  0.20007  0.20007  0.20007  0.20007  0.20007  0.20007  0.20007  0.20007  0.20007  0.20007  0.20007  0.20007  0.20007  0.20007  0.20007  0.20007  0.20007  0.20007  0.20007  0.20007  0.20007  0.20007  0.20007  0.20007  0.20007  0.20007 
 0.67500  0.00000  0.27043  0.26751  0.24865  0.23322  0.22235  0.21497  0.21001  0.20670  0.20448  0.20300  0.20202  0.20136  0.20092  0.20062  0.20043  0.20030  0.20021  0.20016  0.20012  0.20009  0.20008  0.20007  0.20007  0.20006  0.20006  0.20007  0.20007  0.20007  0.20007  0.20007  0.20007  0.20007  0.20007  0.20007  0.20007  0.20007  0.20007  0.20007  0.20007  0.20007  0.20007  0.20007  0.20007  0.20007  0.20007  0.20007  0.20007  0.20007  0.20007  0.20007  0.20007  0.20007  0.20007  0.20007  0.20007  0.20007  0.20007  0.20007  0.20007  0.20007  0.20007  0.20007  0.20007  0.20007  0.20007  0.20007  0.20007  0.20007  0.20007  0.20007  0.20007  0.20007  0.20007  0.20007  0.20007  0.20007  0.20007  0.20007  0.20007  0.20007  0.20007  0.20007  0.20007  0.20007  0.20007  0.20007  0.20007  0.20007  0.20007  0.20007  0.20007  0.20007  0.20007  0.20007  0.20007  0.20007  0.20007  0.20007  0.20007 
 0.68500  0.00000  0.25040  0.25673  0.24201  0.22889  0.21948  0.21305  0.20873  0.20584  0.20391  0.20262  0.20176  0.20119  0.20080  0.20055  0.20038  0.20026  0.20019  0.20014  0.20011  0.20009  0.20008  0.20007  0.20006  0.20006  0.20006  0.20006  0.20007  0.20007  0.20007  0.20007  0.20007  0.20007  0.20007  0.20007  0.20007  0.20007  0.20007  0.20007  0.20007  0.20007  0.20007  0.20007  0.20007  0.20007  0.20007  0.20007  0.20007  0.20007  0.20007  0.20007  0.20007  0.20007  0.20007  0.20007  0.20007  0.20007  0.20007  0.20007  0.20007  0.20007  0.20007  0.20007  0.20007  0.20007  0.20007  0.20007  0.20007  0.20007  0.20007  0.20007  0.20007  0.20007  0.20007  0.20007  0.20007  0.20007  0.20007  0.20007  0.20007  0.20007  0.20007  0.20007  0.20007  0.20007  0.20007  0.20007  0.20007  0.20007  0.20007  0.20007  0.20007  0.20007  0.20007  0.20007  0.20007  0.20007  0.20007  0.20007  0.20007 
 0.69500  0.00000  0.23082  0.24583  0.23522  0.22445  0.21653  0.21109  0.20742  0.20497  0.20333  0.20223  0.20150  0.20101  0.20069  0.20047  0.20032  0.20023  0.20017  0.20012  0.20010  0.20008  0.20007  0.20007  0.20006  0.20006  0.20006  0.20006  0.20006  0.20007  0.20007  0.20007  0.20007  0.20007  0.20007  0.20007  0.20007  0.20007  0.20007  0.20007  0.20007  0.20007  0.20007  0.20007  0.20007  0.20007  0.20007  0.20007  0.20007  0.20007  0.20007  0.20007  0.20007  0.20007  0.20007  0.20007  0.20007  0.20007  0.20007  0.20007  0.20007  0.20007  0.20007  0.20007  0.20007  0.20007  0.20007  0.20007  0.20007  0.20007  0.20007  0.20007  0.20007  0.20007  0.20007  0.20007  0.20007  0.20007  0.20007  0.20007  0.20007  0.20007  0.20007  0.20007  0.20007  0.20007  0.20007  0.20007  0.20007  0.20007  0.20007  0.20007  0.20007  0.20007  0.20007  0.20007  0.20007  0.20007  0.20007  0.20007  0.20007 
 0.70500  0.00000  0.21180  0.23485  0.22830  0.21991  0.21351  0.20907  0.20608  0.20407  0.20273  0.20183  0.20123  0.20083  0.20057  0.20039  0.20027  0.20019  0.20014  0.20011  0.20009  0.20007  0.20007  0.20006  0.20006  0.20006  0.20006  0.20006  0.20006  0.20007  0.20007  0.20007  0.20007  0.20007  0.20007  0.20007  0.20007  0.20007  0.20007  0.20007  0.20007  0.20007  0.20007  0.20007  0.20007  0.20007  0.20007  0.20007  0.20007  0.20007  0.20007  0.20007  0.20007  0.20007  0.20007  0.20007  0.20007  0.20007  0.20007  0.20007  0.20007  0.20007  0.20007  0.20007  0.20007  0.20007  0.20007  0.20007  0.20007  0.20007  0.20007  0.20007  0.20007  0.20007  0.20007  0.20007  0.20007  0.20007  0.20007  0.20007  0.20007  0.20007  0.20007  0.20007  0.20007  0.20007  0.20007  0.20007  0.20007  0.20007  0.20007  0.20007  0.20007  0.20007  0.20007  0.20007  0.20007  0.20007  0.20007  0.20007  0.20007 
 0.71500  0.00000  0.19825  0.22678  0.22317  0.21654  0.21127  0.20757  0.20507  0.20340  0.20228  0.20153  0.20103  0.20070  0.20048  0.20033  0.20023  0.20017  0.20012  0.20010  0.20008  0.20007  0.20006  0.20006  0.20006  0.20006  0.20006  0.20006  0.20006  0.20007  0.20007  0.20007  0.20007  0.20007  0.20007  0.20007  0.20007  0.20007  0.20007  0.20007  0.20007  0.20007  0.20007  0.20007  0.20007  0.20007  0.20007  0.20007  0.20007  0.20007  0.20007  0.20007  0.20007  0.20007  0.20007  0.20007  0.20007  0.20007  0.20007  0.20007  0.20007  0.20007  0.20007  0.20007  0.20007  0.20007  0.20007  0.20007  0.20007  0.20007  0.20007  0.20007  0.20007  0.20007  0.20007  0.20007  0.20007  0.20007  0.20007  0.20007  0.20007  0.20007  0.20007  0.20007  0.20007  0.20007  0.20007  0.20007  0.20007  0.20007  0.20007  0.20007  0.20007  0.20007  0.20007  0.20007  0.20007  0.20007  0.20007  0.20007  0.20007 
 0.72500  0.00000  0.18072  0.21583  0.21610  0.21187  0.20816  0.20550  0.20369  0.20247  0.20166  0.20112  0.20075  0.20051  0.20035  0.20025  0.20018  0.20013  0.20010  0.20008  0.20007  0.20006  0.20006  0.20006  0.20006  0.20006  0.20006  0.20006  0.20006  0.20006  0.20007  0.20007  0.20007  0.20007  0.20007  0.20007  0.20007  0.20007  0.20007  0.20007  0.20007  0.20007  0.20007  0.20007  0.20007  0.20007  0.20007  0.20007  0.20007  0.20007  0.20007  0.20007  0.20007  0.20007  0.20007  0.20007  0.20007  0.20007  0.20007  0.20007  0.20007  0.20007  0.20007  0.20007  0.20007  0.20007  0.20007  0.20007  0.20007  0.20007  0.20007  0.20007  0.20007  0.20007  0.20007  0.20007  0.20007  0.20007  0.20007  0.20007  0.20007  0.20007  0.20007  0.20007  0.20007  0.20007  0.20007  0.20007  0.20007  0.20007  0.20007  0.20007  0.20007  0.20007  0.20007  0.20007  0.20007  0.20007  0.20007  0.20007  0.20007 
 0.73500  0.00000  0.16403  0.20496  0.20901  0.20716  0.20502  0.20340  0.20229  0.20153  0.20103  0.20070  0.20047  0.20033  0.20023  0.20016  0.20012  0.20009  0.20007  0.20006  0.20006  0.20005  0.20005  0.20005  0.20005  0.20006  0.20006  0.20006  0.20006  0.20006  0.20006  0.20006  0.20006  0.20006  0.20006  0.20006  0.20006  0.20006  0.20006  0.20006  0.20006  0.20006  0.20006  0.20006  0.20006  0.20006  0.20006  0.20006  0.20006  0.20006  0.20006  0.20006  0.20006  0.20006  0.20006  0.20006  0.20006  0.20006  0.20006  0.20006  0.20006  0.20006  0.20006  0.20006  0.20006  0.20006  0.20006  0.20006  0.20006  0.20006  0.20006  0.20006  0.20006  0.20006  0.20006  0.20006  0.20006  0.20006  0.20006  0.20006  0.20006  0.20006  0.20006  0.20006  0.20006  0.20006  0.20006  0.20006  0.20006  0.20006  0.20006  0.20006  0.20006  0.20006  0.20006  0.20006  0.20006  0.20006  0.20006  0.20006  0.20006 
 0.74500  0.00000  0.14823  0.19422  0.20190  0.20243  0.20186  0.20129  0.20087  0.20059  0.20040  0.20028  0.20019  0.20014  0.20010  0.20008  0.20006  0.20005  0.20005  0.20005  0.20005  0.20005  0.20005  0.20005  0.20005  0.20005  0.20006  0.20006  0.20006  0.20006  0.20006  0.20006  0.20006  0.20006  0.20006  0.20006  0.20006  0.20006  0.20006  0.20006  0.20006  0.20006  0.20006  0.20006  0.20006  0.20006  0.20006  0.20006  0.20006  0.20006  0.20006  0.20006  0.20006  0.20006  0.20006  0.20006  0.20006  0.20006  0.20006  0.20006  0.20006  0.20006  0.20006  0.20006  0.20006  0.20006  0.20006  0.20006  0.20006  0.20006  0.20006  0.20006  0.20006  0.20006  0.20006  0.20006  0.20006  0.20006  0.20006  0.20006  0.20006  0.20006  0.20006  0.20006  0.20006  0.20006  0.20006  0.20006  0.20006  0.20006  0.20006  0.20006  0.20006  0.20006  0.20006  0.20006  0.20006  0.20006  0.20006  0.20006  0.20006 
 0.75500  0.00000  0.13337  0.18364  0.19482  0.19770  0.19869  0.19917  0.19946  0.19965  0.19977  0.19985  0.19991  0.19995  0.19998  0.19999  0.20001  0.20002  0.20002  0.20003  0.20004  0.20004  0.20004  0.20005  0.20005  0.20005  0.20006  0.20006  0.20006  0.20006  0.20006  0.20006  0.20006  0.20006  0.20006  0.20006  0.20006  0.20006  0.20006  0.20006  0.20006  0.20006  0.20006  0.20006  0.20006  0.20006  0.20006  0.20006  0.20006  0.20006  0.20006  0.20006  0.20006  0.20006  0.20006  0.20006  0.20006  0.20006  0.20006  0.20006  0.20006  0.20006  0.20006  0.20006  0.20006  0.20006  0.20006  0.20006  0.20006  0.20006  0.20006  0.20006  0.20006  0.20006  0.20006  0.20006  0.20006  0.20006  0.20006  0.20006  0.20006  0.20006  0.20006  0.20006  0.20006  0.20006  0.20006  0.20006  0.20006  0.20006  0.20006  0.20006  0.20006  0.20006  0.20006  0.20006  0.20006  0.20006  0.20006  0.20006  0.20006 
 0.76500  0.00000  0.11948  0.17328  0.18779  0.19298  0.19553  0.19706  0.19805  0.19870  0.19914  0.19943  0.19963  0.19976  0.19985  0.19991  0.19995  0.19998  0.20000  0.20001  0.20002  0.20003  0.20004  0.20004  0.20005  0.20005  0.20005  0.20006  0.20006  0.20006  0.20006  0.20006  0.20006  0.20006  0.20006  0.20006  0.20006  0.20006  0.20006  0.20006  0.20006  0.20006  0.20006  0.20006  0.20006  0.20006  0.20006  0.20006  0.20006  0.20006  0.20006  0.20006  0.20006  0.20006  0.20006  0.20006  0.20006  0.20006  0.20006  0.20006  0.20006  0.20006  0.20006  0.20006  0.20006  0.20006  0.20006  0.20006  0.20006  0.20006  0.20006  0.20006  0.20006  0.20006  0.20006  0.20006  0.20006  0.20006  0.20006  0.20006  0.20006  0.20006  0.20006  0.20006  0.20006  0.20006  0.20006  0.20006  0.20006  0.20006  0.20006  0.20006  0.20006  0.20006  0.20006  0.20006  0.20006  0.20006  0.20006  0.20006  0.20006 
 0.77500  0.00000  0.10657  0.16317  0.18083  0.18829  0.19240  0.19496  0.19664  0.19776  0.19851  0.19901  0.19935  0.19957  0.19972  0.19983  0.19990  0.19994  0.19997  0.20000  0.20001  0.20002  0.20003  0.20004  0.20005  0.20005  0.20005  0.20006  0.20006  0.20006  0.20006  0.20006  0.20006  0.20006  0.20006  0.20006  0.20006  0.20006  0.20006  0.20006  0.20006  0.20006  0.20006  0.20006  0.20006  0.20006  0.20006  0.20006  0.20006  0.20006  0.20006  0.20006  0.20006  0.20006  0.20006  0.20006  0.20006  0.20006  0.20006  0.20006  0.20006  0.20006  0.20006  0.20006  0.20006  0.20006  0.20006  0.20006  0.20006  0.20006  0.20006  0.20006  0.20006  0.20006  0.20006  0.20006  0.20006  0.20006  0.20006  0.20006  0.20006  0.20006  0.20006  0.20006  0.20006  0.20006  0.20006  0.20006  0.20006  0.20006  0.20006  0.20006  0.20006  0.20006  0.20006  0.20006  0.20006  0.20006  0.20006  0.20006  0.20006 
 0.78500  0.00000  0.09464  0.15334  0.17398  0.18366  0.18929  0.19288  0.19525  0.19683  0.19789  0.19860  0.19907  0.19939  0.19960  0.19974  0.19984  0.19991  0.19995  0.19998  0.20000  0.20002  0.20003  0.20004  0.20004  0.20005  0.20005  0.20006  0.20006  0.20006  0.20006  0.20006  0.20006  0.20006  0.20006  0.20006  0.20006  0.20006  0.20006  0.20006  0.20006  0.20006  0.20006  0.20006  0.20006  0.20006  0.20006  0.20006  0.20006  0.20006  0.20006  0.20006  0.20006  0.20006  0.20006  0.20006  0.20006  0.20006  0.20006  0.20006  0.20006  0.20006  0.20006  0.20006  0.20006  0.20006  0.20006  0.20006  0.20006  0.20006  0.20006  0.20006  0.20006  0.20006  0.20006  0.20006  0.20006  0.20006  0.20006  0.20006  0.20006  0.20006  0.20006  0.20006  0.20006  0.20006  0.20006  0.20006  0.20006  0.20006  0.20006  0.20006  0.20006  0.20006  0.20006  0.20006  0.20006  0.20006  0.20006  0.20006  0.20006 
 0.79500  0.00000  0.08368  0.14382  0.16726  0.17909  0.18622  0.19083  0.19388  0.19592  0.19728  0.19819  0.19880  0.19920  0.19948  0.19966  0.19979  0.19987  0.19993  0.19996  0.19999  0.20001  0.20002  0.20003  0.20004  0.20005  0.20005  0.20006  0.20006  0.20006  0.20006  0.20006  0.20006  0.20006  0.20006  0.20006  0.20006  0.20006  0.20006  0.20006  0.20006  0.20006  0.20006  0.20006  0.20006  0.20006  0.20006  0.20006  0.20006  0.20006  0.20006  0.20006  0.20006  0.20006  0.20006  0.20006  0.20006  0.20006  0.20006  0.20006  0.20006  0.20006  0.20006  0.20006  0.20006  0.20006  0.20006  0.20006  0.20006  0.20006  0.20006  0.20006  0.20006  0.20006  0.20006  0.20006  0.20006  0.20006  0.20006  0.20006  0.20006  0.20006  0.20006  0.20006  0.20006  0.20006  0.20006  0.20006  0.20006  0.20006  0.20006  0.20006  0.20006  0.20006  0.20006  0.20006  0.20006  0.20006  0.20006  0.20006  0.20006 
 0.80500  0.00000  0.07366  0.13465  0.16069  0.17462  0.18321  0.18882  0.19253  0.19501  0.19667  0.19778  0.19853  0.19902  0.19936  0.19958  0.19973  0.19983  0.19990  0.19995  0.19998  0.20000  0.20002  0.20003  0.20004  0.20005  0.20005  0.20006  0.20006  0.20006  0.20006  0.20006  0.20006  0.20006  0.20006  0.20006  0.20006  0.20006  0.20006  0.20006  0.20006  0.20006  0.20006  0.20006  0.20006  0.20006  0.20006  0.20006  0.20006  0.20006  0.20006  0.20006  0.20006  0.20006  0.20006  0.20006  0.20006  0.20006  0.20006  0.20006  0.20006  0.20006  0.20006  0.20006  0.20006  0.20006  0.20006  0.20006  0.20006  0.20006  0.20006  0.20006  0.20006  0.20006  0.20006  0.20006  0.20006  0.20006  0.20006  0.20006  0.20006  0.20006  0.20006  0.20006  0.20006  0.20006  0.20006  0.20006  0.20006  0.20006  0.20006  0.20006  0.20006  0.20006  0.20006  0.20006  0.20006  0.20006  0.20006  0.20006  0.20006 
 0.81500  0.00000  0.06456  0.12585  0.15431  0.17025  0.18027  0.18685  0.19122  0.19413  0.19608  0.19739  0.19826  0.19885  0.19924  0.19950  0.19968  0.19980  0.19988  0.19993  0.19997  0.20000  0.20001  0.20003  0.20004  0.20004  0.20005  0.20005  0.20006  0.20006  0.20006  0.20006  0.20006  0.20006  0.20006  0.20006  0.20006  0.20006  0.20006  0.20006  0.20006  0.20006  0.20006  0.20006  0.20006  0.20006  0.20006  0.20006  0.20006  0.20006  0.20006  0.20006  0.20006  0.20006  0.20006  0.20006  0.20006  0.20006  0.20006  0.20006  0.20006  0.20006  0.20006  0.20006  0.20006  0.20006  0.20006  0.20006  0.20006  0.20006  0.20006  0.20006  0.20006  0.20006  0.20006  0.20006  0.20006  0.20006  0.20006  0.20006  0.20006  0.20006  0.20006  0.20006  0.20006  0.20006  0.20006  0.20006  0.20006  0.20006  0.20006  0.20006  0.20006  0.20006  0.20006  0.20006  0.20006  0.20006  0.20006  0.20006  0.20006 
 0.82500  0.00000  0.05634  0.11744  0.14813  0.16600  0.17741  0.18493  0.18993  0.19328  0.19551  0.19701  0.19801  0.19868  0.19913  0.19943  0.19963  0.19976  0.19986  0.19992  0.19996  0.19999  0.20001  0.20002  0.20003  0.20004  0.20005  0.20005  0.20006  0.20006  0.20006  0.20006  0.20006  0.20006  0.20006  0.20006  0.20006  0.20006  0.20006  0.20006  0.20006  0.20006  0.20006  0.20006  0.20006  0.20006  0.20006  0.20006  0.20006  0.20006  0.20006  0.20006  0.20006  0.20006  0.20006  0.20006  0.20006  0.20006  0.20006  0.20006  0.20006  0.20006  0.20006  0.20006  0.20006  0.20006  0.20006  0.20006  0.20006  0.20006  0.20006  0.20006  0.20006  0.20006  0.20006  0.20006  0.20006  0.20006  0.20006  0.20006  0.20006  0.20006  0.20006  0.20006  0.20006  0.20006  0.20006  0.20006  0.20006  0.20006  0.20006  0.20006  0.20006  0.20006  0.20006  0.20006  0.20006  0.20006  0.20006  0.20006  0.20006 
 0.83500  0.00000  0.04895  0.10945  0.14217  0.16190  0.17464  0.18307  0.18869  0.19245  0.19496  0.19664  0.19776  0.19851  0.19901  0.19935  0.19958  0.19973  0.19983  0.19990  0.19995  0.19998  0.20001  0.20002  0.20003  0.20004  0.20005  0.20005  0.20006  0.20006  0.20006  0.20006  0.20006  0.20006  0.20006  0.20006  0.20006  0.20006  0.20006  0.20006  0.20006  0.20006  0.20006  0.20006  0.20006  0.20006  0.20006  0.20006  0.20006  0.20006  0.20006  0.20006  0.20006  0.20006  0.20006  0.20006  0.20006  0.20006  0.20006  0.20006  0.20006  0.20006  0.20006  0.20006  0.20006  0.20006  0.20006  0.20006  0.20006  0.20006  0.20006  0.20006  0.20006  0.20006  0.20006  0.20006  0.20006  0.20006  0.20006  0.20006  0.20006  0.20006  0.20006  0.20006  0.20006  0.20006  0.20006  0.20006  0.20006  0.20006  0.20006  0.20006  0.20006  0.20006  0.20006  0.20006  0.20006  0.20006  0.20006  0.20006  0.20006 
 0.84500  0.00000  0.04235  0.10188  0.13645  0.15794  0.17197  0.18128  0.18749  0.19165  0.19442  0.19628  0.19752  0.19835  0.19891  0.19928  0.19953  0.19970  0.19981  0.19989  0.19994  0.19998  0.20000  0.20002  0.20003  0.20004  0.20005  0.20005  0.20006  0.20006  0.20006  0.20006  0.20006  0.20006  0.20006  0.20006  0.20006  0.20006  0.20006  0.20006  0.20006  0.20006  0.20006  0.20006  0.20006  0.20006  0.20006  0.20006  0.20006  0.20006  0.20006  0.20006  0.20006  0.20006  0.20006  0.20006  0.20006  0.20006  0.20006  0.20006  0.20006  0.20006  0.20006  0.20006  0.20006  0.20006  0.20006  0.20006  0.20006  0.20006  0.20006  0.20006  0.20006  0.20006  0.20006  0.20006  0.20006  0.20006  0.20006  0.20006  0.20006  0.20006  0.20006  0.20006  0.20006  0.20006  0.20006  0.20006  0.20006  0.20006  0.20006  0.20006  0.20006  0.20006  0.20006  0.20006  0.20006  0.20006  0.20006  0.20006  0.20006 
 0.85500  0.00000  0.03648  0.09475  0.13100  0.15416  0.16942  0.17957  0.18635  0.19088  0.19391  0.19594  0.19729  0.19820  0.19881  0.19921  0.19949  0.19967  0.19979  0.19988  0.19993  0.19997  0.20000  0.20002  0.20003  0.20004  0.20005  0.20005  0.20006  0.20006  0.20006  0.20006  0.20006  0.20006  0.20006  0.20006  0.20006  0.20006  0.20006  0.20006  0.20006  0.20006  0.20006  0.20006  0.20006  0.20006  0.20006  0.20006  0.20006  0.20006  0.20006  0.20006  0.20006  0.20006  0.20006  0.20006  0.20006  0.20006  0.20006  0.20006  0.20006  0.20006  0.20006  0.20006  0.20006  0.20006  0.20006  0.20006  0.20006  0.20006  0.20006  0.20006  0.20006  0.20006  0.20006  0.20006  0.20006  0.20006  0.20006  0.20006  0.20006  0.20006  0.20006  0.20006  0.20006  0.20006  0.20006  0.20006  0.20006  0.20006  0.20006  0.20006  0.20006  0.20006  0.20006  0.20006  0.20006  0.20006  0.20006  0.20006  0.20006 
 0.86500  0.00000  0.03129  0.08807  0.12583  0.15056  0.16698  0.17793  0.18525  0.19015  0.19342  0.19561  0.19707  0.19805  0.19871  0.19915  0.19944  0.19964  0.19977  0.19986  0.19992  0.19996  0.19999  0.20001  0.20003  0.20004  0.20005  0.20005  0.20006  0.20006  0.20006  0.20006  0.20006  0.20006  0.20006  0.20006  0.20006  0.20006  0.20006  0.20006  0.20006  0.20006  0.20006  0.20006  0.20006  0.20006  0.20006  0.20006  0.20006  0.20006  0.20006  0.20006  0.20006  0.20006  0.20006  0.20006  0.20006  0.20006  0.20006  0.20006  0.20006  0.20006  0.20006  0.20006  0.20006  0.20006  0.20006  0.20006  0.20006  0.20006  0.20006  0.20006  0.20006  0.20006  0.20006  0.20006  0.20006  0.20006  0.20006  0.20006  0.20006  0.20006  0.20006  0.20006  0.20006  0.20006  0.20006  0.20006  0.20006  0.20006  0.20006  0.20006  0.20006  0.20006  0.20006  0.20006  0.20006  0.20006  0.20006  0.20006  0.20006 
 0.87500  0.00000  0.02674  0.08185  0.12096  0.14716  0.16468  0.17639  0.18422  0.18946  0.19296  0.19530  0.19687  0.19791  0.19862  0.19909  0.19940  0.19961  0.19975  0.19985  0.19991  0.19996  0.19999  0.20001  0.20003  0.20004  0.20004  0.20005  0.20006  0.20006  0.20006  0.20006  0.20006  0.20006  0.20006  0.20006  0.20006  0.20006  0.20006  0.20006  0.20006  0.20006  0.20006  0.20006  0.20006  0.20006  0.20006  0.20006  0.20006  0.20006  0.20006  0.20006  0.20006  0.20006  0.20006  0.20006  0.20006  0.20006  0.20006  0.20006  0.20006  0.20006  0.20006  0.20006  0.20006  0.20006  0.20006  0.20006  0.20006  0.20006  0.20006  0.20006  0.20006  0.20006  0.20006  0.20006  0.20006  0.20006  0.20006  0.20006  0.20006  0.20006  0.20006  0.20006  0.20006  0.20006  0.20006  0.20006  0.20006  0.20006  0.20006  0.20006  0.20006  0.20006  0.20006  0.20006  0.20006  0.20006  0.20006  0.20006  0.20006 
 0.88500  0.00000  0.02276  0.07611  0.11641  0.14397  0.16252  0.17494  0.18325  0.18881  0.19252  0.19501  0.19667  0.19779  0.19853  0.19903  0.19936  0.19959  0.19974  0.19984  0.19991  0.19995  0.19999  0.20001  0.20002  0.20004  0.20004  0.20005  0.20006  0.20006  0.20006  0.20006  0.20006  0.20006  0.20006  0.20006  0.20006  0.20006  0.20006  0.20006  0.20006  0.20006  0.20006  0.20006  0.20006  0.20006  0.20006  0.20006  0.20006  0.20006  0.20006  0.20006  0.20006  0.20006  0.20006  0.20006  0.20006  0.20006  0.20006  0.20006  0.20006  0.20006  0.20006  0.20006  0.20006  0.20006  0.20006  0.20006  0.20006  0.20006  0.20006  0.20006  0.20006  0.20006  0.20006  0.20006  0.20006  0.20006  0.20006  0.20006  0.20006  0.20006  0.20006  0.20006  0.20006  0.20006  0.20006  0.20006  0.20006  0.20006  0.20006  0.20006  0.20006  0.20006  0.20006  0.20006  0.20006  0.20006  0.20006  0.20006  0.20006 
 0.89500  0.00000  0.01932  0.07083  0.11218  0.14100  0.16050  0.17359  0.18234  0.18820  0.19212  0.19474  0.19649  0.19766  0.19845  0.19897  0.19933  0.19956  0.19972  0.19983  0.19990  0.19995  0.19998  0.20001  0.20002  0.20003  0.20004  0.20005  0.20006  0.20006  0.20006  0.20006  0.20006  0.20006  0.20006  0.20006  0.20006  0.20006  0.20006  0.20006  0.20006  0.20006  0.20006  0.20006  0.20006  0.20006  0.20006  0.20006  0.20006  0.20006  0.20006  0.20006  0.20006  0.20006  0.20006  0.20006  0.20006  0.20006  0.20006  0.20006  0.20006  0.20006  0.20006  0.20006  0.20006  0.20006  0.20006  0.20006  0.20006  0.20006  0.20006  0.20006  0.20006  0.20006  0.20006  0.20006  0.20006  0.20006  0.20006  0.20006  0.20006  0.20006  0.20006  0.20006  0.20006  0.20006  0.20006  0.20006  0.20006  0.20006  0.20006  0.20006  0.20006  0.20006  0.20006  0.20006  0.20006  0.20006  0.20006  0.20006  0.20006 
 0.90500  0.00000  0.01635  0.06603  0.10830  0.13827  0.15865  0.17234  0.18151  0.18764  0.19175  0.19449  0.19633  0.19755  0.19837  0.19892  0.19929  0.19954  0.19971  0.19982  0.19989  0.19994  0.19998  0.20000  0.20002  0.20003  0.20004  0.20005  0.20006  0.20006  0.20006  0.20006  0.20006  0.20006  0.20006  0.20006  0.20006  0.20006  0.20006  0.20006  0.20006  0.20006  0.20006  0.20006  0.20006  0.20006  0.20006  0.20006  0.20006  0.20006  0.20006  0.20006  0.20006  0.20006  0.20006  0.20006  0.20006  0.20006  0.20006  0.20006  0.20006  0.20006  0.20006  0.20006  0.20006  0.20006  0.20006  0.20006  0.20006  0.20006  0.20006  0.20006  0.20006  0.20006  0.20006  0.20006  0.20006  0.20006  0.20006  0.20006  0.20006  0.20006  0.20006  0.20006  0.20006  0.20006  0.20006  0.20006  0.20006  0.20006  0.20006  0.20006  0.20006  0.20006  0.20006  0.20006  0.20006  0.20006  0.20006  0.20006  0.20006 
 0.91500  0.00000  0.01382  0.06171  0.10477  0.13578  0.15696  0.17120  0.18075  0.18714  0.19141  0.19426  0.19617  0.19745  0.19831  0.19888  0.19926  0.19952  0.19969  0.19981  0.19989  0.19994  0.19998  0.20000  0.20002  0.20003  0.20004  0.20005  0.20006  0.20006  0.20006  0.20006  0.20006  0.20006  0.20006  0.20006  0.20006  0.20006  0.20006  0.20006  0.20006  0.20006  0.20006  0.20006  0.20006  0.20006  0.20006  0.20006  0.20006  0.20006  0.20006  0.20006  0.20006  0.20006  0.20006  0.20006  0.20006  0.20006  0.20006  0.20006  0.20006  0.20006  0.20006  0.20006  0.20006  0.20006  0.20006  0.20006  0.20006  0.20006  0.20006  0.20006  0.20006  0.20006  0.20006  0.20006  0.20006  0.20006  0.20006  0.20006  0.20006  0.20006  0.20006  0.20006  0.20006  0.20006  0.20006  0.20006  0.20006  0.20006  0.20006  0.20006  0.20006  0.20006  0.20006  0.20006  0.20006  0.20006  0.20006  0.20006  0.20006 
 0.92500  0.00000  0.01168  0.05787  0.10161  0.13354  0.15543  0.17018  0.18007  0.18668  0.19110  0.19406  0.19604  0.19736  0.19825  0.19884  0.19924  0.19950  0.19968  0.19980  0.19988  0.19994  0.19997  0.20000  0.20002  0.20003  0.20004  0.20005  0.20006  0.20006  0.20006  0.20006  0.20006  0.20006  0.20006  0.20006  0.20006  0.20006  0.20006  0.20006  0.20006  0.20006  0.20006  0.20006  0.20006  0.20006  0.20006  0.20006  0.20006  0.20006  0.20006  0.20006  0.20006  0.20006  0.20006  0.20006  0.20006  0.20006  0.20006  0.20006  0.20006  0.20006  0.20006  0.20006  0.20006  0.20006  0.20006  0.20006  0.20006  0.20006  0.20006  0.20006  0.20006  0.20006  0.20006  0.20006  0.20006  0.20006  0.20006  0.20006  0.20006  0.20006  0.20006  0.20006  0.20006  0.20006  0.20006  0.20006  0.20006  0.20006  0.20006  0.20006  0.20006  0.20006  0.20006  0.20006  0.20006  0.20006  0.20006  0.20006  0.20006 
 0.93500  0.00000  0.00989  0.05452  0.09882  0.13157  0.15409  0.16928  0.17946  0.18628  0.19083  0.19388  0.19592  0.19728  0.19819  0.19880  0.19921  0.19949  0.19967  0.19979  0.19988  0.19993  0.19997  0.20000  0.20002  0.20003  0.20004  0.20005  0.20005  0.20006  0.20006  0.20006  0.20006  0.20006  0.20006  0.20006  0.20006  0.20006  0.20006  0.20006  0.20006  0.20006  0.20006  0.20006  0.20006  0.20006  0.20006  0.20006  0.20006  0.20006  0.20006  0.20006  0.20006  0.20006  0.20006  0.20006  0.20006  0.20006  0.20006  0.20006  0.20006  0.20006  0.20006  0.20006  0.20006  0.20006  0.20006  0.20006  0.20006  0.20006  0.20006  0.20006  0.20006  0.20006  0.20006  0.20006  0.20006  0.20006  0.20006  0.20006  0.20006  0.20006  0.20006  0.20006  0.20006  0.20006  0.20006  0.20006  0.20006  0.20006  0.20006  0.20006  0.20006  0.20006  0.20006  0.20006  0.20006  0.20006  0.20006  0.20006  0.20006 
 0.94500  0.00000  0.00842  0.05164  0.09642  0.12986  0.15293  0.16850  0.17894  0.18593  0.19060  0.19372  0.19581  0.19721  0.19815  0.19877  0.19919  0.19947  0.19966  0.19979  0.19987  0.19993  0.19997  0.20000  0.20002  0.20003  0.20004  0.20005  0.20005  0.20006  0.20006  0.20006  0.20006  0.20006  0.20006  0.20006  0.20006  0.20006  0.20006  0.20006  0.20006  0.20006  0.20006  0.20006  0.20006  0.20006  0.20006  0.20006  0.20006  0.20006  0.20006  0.20006  0.20006  0.20006  0.20006  0.20006  0.20006  0.20006  0.20006  0.20006  0.20006  0.20006  0.20006  0.20006  0.20006  0.20006  0.20006  0.20006  0.20006  0.20006  0.20006  0.20006  0.20006  0.20006  0.20006  0.20006  0.20006  0.20006  0.20006  0.20006  0.20006  0.20006  0.20006  0.20006  0.20006  0.20006  0.20006  0.20006  0.20006  0.20006  0.20006  0.20006  0.20006  0.20006  0.20006  0.20006  0.20006  0.20006  0.20006  0.20006  0.20006 
 0.95500  0.00000  0.00724  0.04924  0.09440  0.12843  0.15196  0.16785  0.17850  0.18563  0.19040  0.19359  0.19572  0.19715  0.19811  0.19875  0.19917  0.19946  0.19965  0.19978  0.19987  0.19993  0.19997  0.20000  0.20002  0.20003  0.20004  0.20005  0.20005  0.20006  0.20006  0.20006  0.20006  0.20006  0.20006  0.20006  0.20006  0.20006  0.20006  0.20006  0.20006  0.20006  0.20006  0.20006  0.20006  0.20006  0.20006  0.20006  0.20006  0.20006  0.20006  0.20006  0.20006  0.20006  0.20006  0.20006  0.20006  0.20006  0.20006  0.20006  0.20006  0.20006  0.20006  0.20006  0.20006  0.20006  0.20006  0.20006  0.20006  0.20006  0.20006  0.20006  0.20006  0.20006  0.20006  0.20006  0.20006  0.20006  0.20006  0.20006  0.20006  0.20006  0.20006  0.20006  0.20006  0.20006  0.20006  0.20006  0.20006  0.20006  0.20006  0.20006  0.20006  0.20006  0.20006  0.20006  0.20006  0.20006  0.20006  0.20006  0.20006 
 0.96500  0.00000  0.00633  0.04733  0.09278  0.12727  0.15117  0.16732  0.17815  0.18540  0.19024  0.19349  0.19565  0.19710  0.19808  0.19872  0.19916  0.19945  0.19965  0.19978  0.19987  0.19993  0.19997  0.20000  0.20002  0.20003  0.20004  0.20005  0.20005  0.20006  0.20006  0.20006  0.20006  0.20006  0.20006  0.20006  0.20006  0.20006  0.20006  0.20006  0.20006  0.20006  0.20006  0.20006  0.20006  0.20006  0.20006  0.20006  0.20006  0.20006  0.20006  0.20006  0.20006  0.20006  0.20006  0.20006  0.20006  0.20006  0.20006  0.20006  0.20006  0.20006  0.20006  0.20006  0.20006  0.20006  0.20006  0.20006  0.20006  0.20006  0.20006  0.20006  0.20006  0.20006  0.20006  0.20006  0.20006  0.20006  0.20006  0.20006  0.20006  0.20006  0.20006  0.20006  0.20006  0.20006  0.20006  0.20006  0.20006  0.20006  0.20006  0.20006  0.20006  0.20006  0.20006  0.20006  0.20006  0.20006  0.20006  0.20006  0.20006 
 0.97500  0.00000  0.00567  0.04589  0.09157  0.12641  0.15058  0.16692  0.17788  0.18522  0.19013  0.19341  0.19560  0.19707  0.19805  0.19871  0.19915  0.19944  0.19964  0.19977  0.19986  0.19993  0.19997  0.20000  0.20002  0.20003  0.20004  0.20005  0.20005  0.20006  0.20006  0.20006  0.20006  0.20006  0.20006  0.20006  0.20006  0.20006  0.20006  0.20006  0.20006  0.20006  0.20006  0.20006  0.20006  0.20006  0.20006  0.20006  0.20006  0.20006  0.20006  0.20006  0.20006  0.20006  0.20006  0.20006  0.20006  0.20006  0.20006  0.20006  0.20006  0.20006  0.20006  0.20006  0.20006  0.20006  0.20006  0.20006  0.20006  0.20006  0.20006  0.20006  0.20006  0.20006  0.20006  0.20006  0.20006  0.20006  0.20006  0.20006  0.20006  0.20006  0.20006  0.20006  0.20006  0.20006  0.20006  0.20006  0.20006  0.20006  0.20006  0.20006  0.20006  0.20006  0.20006  0.20006  0.20006  0.20006  0.20006  0.20006  0.20006 
 0.98500  0.00000  0.00523  0.04494  0.09075  0.12583  0.15019  0.16666  0.17771  0.18510  0.19005  0.19335  0.19557  0.19705  0.19804  0.19870  0.19914  0.19944  0.19964  0.19977  0.19986  0.19992  0.19997  0.20000  0.20001  0.20003  0.20004  0.20005  0.20005  0.20006  0.20006  0.20006  0.20006  0.20006  0.20006  0.20006  0.20006  0.20006  0.20006  0.20006  0.20006  0.20006  0.20006  0.20006  0.20006  0.20006  0.20006  0.20006  0.20006  0.20006  0.20006  0.20006  0.20006  0.20006  0.20006  0.20006  0.20006  0.20006  0.20006  0.20006  0.20006  0.20006  0.20006  0.20006  0.20006  0.20006  0.20006  0.20006  0.20006  0.20006  0.20006  0.20006  0.20006  0.20006  0.20006  0.20006  0.20006  0.20006  0.20006  0.20006  0.20006  0.20006  0.20006  0.20006  0.20006  0.20006  0.20006  0.20006  0.20006  0.20006  0.20006  0.20006  0.20006  0.20006  0.20006  0.20006  0.20006  0.20006  0.20006  0.20006  0.20006 
 0.99500  0.00000  0.00501  0.04446  0.09035  0.12554  0.14999  0.16652  0.17762  0.18504  0.19001  0.19333  0.19555  0.19703  0.19803  0.19869  0.19914  0.19944  0.19964  0.19977  0.19986  0.19992  0.19997  0.20000  0.20001  0.20003  0.20004  0.20005  0.20005  0.20006  0.20006  0.20006  0.20006  0.20006  0.20006  0.20006  0.20006  0.20006  0.20006  0.20006  0.20006  0.20006  0.20006  0.20006  0.20006  0.20006  0.20006  0.20006  0.20006  0.20006  0.20006  0.20006  0.20006  0.20006  0.20006  0.20006  0.20006  0.20006  0.20006  0.20006  0.20006  0.20006  0.20006  0.20006  0.20006  0.20006  0.20006  0.20006  0.20006  0.20006  0.20006  0.20006  0.20006  0.20006  0.20006  0.20006  0.20006  0.20006  0.20006  0.20006  0.20006  0.20006  0.20006  0.20006  0.20006  0.20006  0.20006  0.20006  0.20006  0.20006  0.20006  0.20006  0.20006  0.20006  0.20006  0.20006  0.20006  0.20006  0.20006  0.20006  0.20006 
 1.00500  0.00000  0.00493  0.04427  0.09018  0.12542  0.14991  0.16647  0.17758  0.18502  0.18999  0.19332  0.19554  0.19703  0.19802  0.19869  0.19914  0.19944  0.19964  0.19977  0.19986  0.19992  0.19997  0.20000  0.20001  0.20003  0.20004  0.20005  0.20005  0.20006  0.20006  0.20006  0.20006  0.20006  0.20006  0.20006  0.20006  0.20006  0.20006  0.20006  0.20006  0.20006  0.20006  0.20006  0.20006  0.20006  0.20006  0.20006  0.20006  0.20006  0.20006  0.20006  0.20006  0.20006  0.20006  0.20006  0.20006  0.20006  0.20006  0.20006  0.20006  0.20006  0.20006  0.20006  0.20006  0.20006  0.20006  0.20006  0.20006  0.20006  0.20006  0.20006  0.20006  0.20006  0.20006  0.20006  0.20006  0.20006  0.20006  0.20006  0.20006  0.20006  0.20006  0.20006  0.20006  0.20006  0.20006  0.20006  0.20006  0.20006  0.20006  0.20006  0.20006  0.20006  0.20006  0.20006  0.20006  0.20006  0.20006  0.20006  0.20006 
