 # ================================================
 # Total time =    1.00000000    
 # Frames to write =          100
 # dt =    2.00000013E-05
 # last dt =    1.99079514E-05
 # Number of steps per frame =          505 (         509 )
 # Current time =    0.00000000    
 # ================================================
 # Using          100 cells
 # Non-ghost cell indices            0          99
 # dx =    9.99999978E-03
 # ================================================
 #   x    0.00000  0.01010  0.02020  0.03030  0.04040  0.05050  0.06060  0.07070  0.08080  0.09090  0.10100  0.11109  0.12119  0.13129  0.14139  0.15149  0.16159  0.17169  0.18179  0.19188  0.20198  0.21208  0.22218  0.23228  0.24238  0.25248  0.26257  0.27267  0.28277  0.29287  0.30297  0.31307  0.32317  0.33327  0.34336  0.35346  0.36356  0.37366  0.38376  0.39386  0.40396  0.41405  0.42415  0.43425  0.44435  0.45445  0.46455  0.47465  0.48475  0.49484  0.50495  0.51506  0.52518  0.53529  0.54540  0.55552  0.56563  0.57575  0.58586  0.59597  0.60609  0.61620  0.62631  0.63643  0.64654  0.65666  0.66677  0.67688  0.68700  0.69711  0.70722  0.71734  0.72745  0.73757  0.74768  0.75779  0.76791  0.77802  0.78813  0.79825  0.80836  0.81848  0.82859  0.83870  0.84882  0.85893  0.86904  0.87916  0.88927  0.89939  0.90950  0.91961  0.92973  0.93984  0.94995  0.96007  0.97018  0.98029  0.99041  1.00062 
-0.00500  0.00000  0.00424  0.03799  0.07727  0.10719  0.12771  0.14138  0.15039  0.15631  0.16020  0.16275  0.16443  0.16553  0.16625  0.16672  0.16704  0.16724  0.16738  0.16747  0.16753  0.16757  0.16760  0.16762  0.16763  0.16764  0.16765  0.16765  0.16765  0.16765  0.16765  0.16765  0.16765  0.16765  0.16765  0.16765  0.16765  0.16765  0.16765  0.16765  0.16765  0.16765  0.16765  0.16765  0.16765  0.16765  0.16765  0.16765  0.16765  0.16765  0.16765  0.16765  0.16765  0.16765  0.16765  0.16765  0.16765  0.16765  0.16765  0.16765  0.16765  0.16765  0.16765  0.16765  0.16765  0.16765  0.16765  0.16765  0.16765  0.16765  0.16765  0.16765  0.16765  0.16765  0.16765  0.16765  0.16765  0.16765  0.16765  0.16765  0.16765  0.16765  0.16765  0.16765  0.16765  0.16765  0.16765  0.16765  0.16765  0.16765  0.16765  0.16765  0.16765  0.16765  0.16765  0.16765  0.16765  0.16765  0.16765  0.16765  0.16765 
 0.00500  0.00000  0.00431  0.03816  0.07741  0.10729  0.12779  0.14143  0.15042  0.15633  0.16021  0.16276  0.16443  0.16553  0.16625  0.16673  0.16704  0.16724  0.16738  0.16747  0.16753  0.16757  0.16760  0.16762  0.16763  0.16764  0.16765  0.16765  0.16765  0.16765  0.16765  0.16765  0.16765  0.16765  0.16765  0.16765  0.16765  0.16765  0.16765  0.16765  0.16765  0.16765  0.16765  0.16765  0.16765  0.16765  0.16765  0.16765  0.16765  0.16765  0.16765  0.16765  0.16765  0.16765  0.16765  0.16765  0.16765  0.16765  0.16765  0.16765  0.16765  0.16765  0.16765  0.16765  0.16765  0.16765  0.16765  0.16765  0.16765  0.16765  0.16765  0.16765  0.16765  0.16765  0.16765  0.16765  0.16765  0.16765  0.16765  0.16765  0.16765  0.16765  0.16765  0.16765  0.16765  0.16765  0.16765  0.16765  0.16765  0.16765  0.16765  0.16765  0.16765  0.16765  0.16765  0.16765  0.16765  0.16765  0.16765  0.16765  0.16765 
 0.01500  0.00000  0.00450  0.03857  0.07776  0.10754  0.12796  0.14154  0.15050  0.15638  0.16025  0.16278  0.16445  0.16554  0.16626  0.16673  0.16704  0.16725  0.16738  0.16747  0.16753  0.16757  0.16760  0.16762  0.16763  0.16764  0.16765  0.16765  0.16765  0.16765  0.16765  0.16765  0.16765  0.16765  0.16765  0.16765  0.16765  0.16765  0.16765  0.16765  0.16765  0.16765  0.16765  0.16765  0.16765  0.16765  0.16765  0.16765  0.16765  0.16765  0.16765  0.16765  0.16765  0.16765  0.16765  0.16765  0.16765  0.16765  0.16765  0.16765  0.16765  0.16765  0.16765  0.16765  0.16765  0.16765  0.16765  0.16765  0.16765  0.16765  0.16765  0.16765  0.16765  0.16765  0.16765  0.16765  0.16765  0.16765  0.16765  0.16765  0.16765  0.16765  0.16765  0.16765  0.16765  0.16765  0.16765  0.16765  0.16765  0.16765  0.16765  0.16765  0.16765  0.16765  0.16765  0.16765  0.16765  0.16765  0.16765  0.16765  0.16765 
 0.02500  0.00000  0.00487  0.03939  0.07846  0.10803  0.12829  0.14176  0.15065  0.15648  0.16031  0.16283  0.16448  0.16556  0.16627  0.16674  0.16705  0.16725  0.16738  0.16747  0.16753  0.16757  0.16760  0.16762  0.16763  0.16764  0.16765  0.16765  0.16765  0.16765  0.16765  0.16765  0.16765  0.16765  0.16765  0.16765  0.16765  0.16765  0.16765  0.16765  0.16765  0.16765  0.16765  0.16765  0.16765  0.16765  0.16765  0.16765  0.16765  0.16765  0.16765  0.16765  0.16765  0.16765  0.16765  0.16765  0.16765  0.16765  0.16765  0.16765  0.16765  0.16765  0.16765  0.16765  0.16765  0.16765  0.16765  0.16765  0.16765  0.16765  0.16765  0.16765  0.16765  0.16765  0.16765  0.16765  0.16765  0.16765  0.16765  0.16765  0.16765  0.16765  0.16765  0.16765  0.16765  0.16765  0.16765  0.16765  0.16765  0.16765  0.16765  0.16765  0.16765  0.16765  0.16765  0.16765  0.16765  0.16765  0.16765  0.16765  0.16765 
 0.03500  0.00000  0.00544  0.04062  0.07950  0.10877  0.12879  0.14210  0.15086  0.15663  0.16041  0.16289  0.16452  0.16559  0.16629  0.16675  0.16706  0.16726  0.16739  0.16747  0.16753  0.16757  0.16760  0.16762  0.16763  0.16764  0.16765  0.16765  0.16765  0.16765  0.16765  0.16765  0.16765  0.16765  0.16765  0.16765  0.16765  0.16765  0.16765  0.16765  0.16765  0.16765  0.16765  0.16765  0.16765  0.16765  0.16765  0.16765  0.16765  0.16765  0.16765  0.16765  0.16765  0.16765  0.16765  0.16765  0.16765  0.16765  0.16765  0.16765  0.16765  0.16765  0.16765  0.16765  0.16765  0.16765  0.16765  0.16765  0.16765  0.16765  0.16765  0.16765  0.16765  0.16765  0.16765  0.16765  0.16765  0.16765  0.16765  0.16765  0.16765  0.16765  0.16765  0.16765  0.16765  0.16765  0.16765  0.16765  0.16765  0.16765  0.16765  0.16765  0.16765  0.16765  0.16765  0.16765  0.16765  0.16765  0.16765  0.16765  0.16765 
 0.04500  0.00000  0.00623  0.04226  0.08088  0.10975  0.12945  0.14253  0.15115  0.15682  0.16053  0.16297  0.16457  0.16562  0.16631  0.16677  0.16707  0.16726  0.16739  0.16748  0.16753  0.16757  0.16760  0.16762  0.16763  0.16764  0.16765  0.16765  0.16765  0.16765  0.16765  0.16765  0.16765  0.16765  0.16765  0.16765  0.16765  0.16765  0.16765  0.16765  0.16765  0.16765  0.16765  0.16765  0.16765  0.16765  0.16765  0.16765  0.16765  0.16765  0.16765  0.16765  0.16765  0.16765  0.16765  0.16765  0.16765  0.16765  0.16765  0.16765  0.16765  0.16765  0.16765  0.16765  0.16765  0.16765  0.16765  0.16765  0.16765  0.16765  0.16765  0.16765  0.16765  0.16765  0.16765  0.16765  0.16765  0.16765  0.16765  0.16765  0.16765  0.16765  0.16765  0.16765  0.16765  0.16765  0.16765  0.16765  0.16765  0.16765  0.16765  0.16765  0.16765  0.16765  0.16765  0.16765  0.16765  0.16765  0.16765  0.16765  0.16765 
 0.05500  0.00000  0.00724  0.04431  0.08260  0.11096  0.13026  0.14307  0.15151  0.15705  0.16069  0.16308  0.16464  0.16567  0.16634  0.16679  0.16708  0.16727  0.16740  0.16748  0.16754  0.16757  0.16760  0.16762  0.16763  0.16764  0.16765  0.16765  0.16765  0.16765  0.16765  0.16765  0.16765  0.16765  0.16765  0.16765  0.16765  0.16765  0.16765  0.16765  0.16765  0.16765  0.16765  0.16765  0.16765  0.16765  0.16765  0.16765  0.16765  0.16765  0.16765  0.16765  0.16765  0.16765  0.16765  0.16765  0.16765  0.16765  0.16765  0.16765  0.16765  0.16765  0.16765  0.16765  0.16765  0.16765  0.16765  0.16765  0.16765  0.16765  0.16765  0.16765  0.16765  0.16765  0.16765  0.16765  0.16765  0.16765  0.16765  0.16765  0.16765  0.16765  0.16765  0.16765  0.16765  0.16765  0.16765  0.16765  0.16765  0.16765  0.16765  0.16765  0.16765  0.16765  0.16765  0.16765  0.16765  0.16765  0.16765  0.16765  0.16765 
 0.06500  0.00000  0.00850  0.04678  0.08466  0.11240  0.13123  0.14372  0.15194  0.15733  0.16087  0.16320  0.16472  0.16572  0.16638  0.16681  0.16709  0.16728  0.16740  0.16749  0.16754  0.16758  0.16760  0.16762  0.16763  0.16764  0.16765  0.16765  0.16765  0.16765  0.16765  0.16765  0.16765  0.16765  0.16765  0.16765  0.16765  0.16765  0.16765  0.16765  0.16765  0.16765  0.16765  0.16765  0.16765  0.16765  0.16765  0.16765  0.16765  0.16765  0.16765  0.16765  0.16765  0.16765  0.16765  0.16765  0.16765  0.16765  0.16765  0.16765  0.16765  0.16765  0.16765  0.16765  0.16765  0.16765  0.16765  0.16765  0.16765  0.16765  0.16765  0.16765  0.16765  0.16765  0.16765  0.16765  0.16765  0.16765  0.16765  0.16765  0.16765  0.16765  0.16765  0.16765  0.16765  0.16765  0.16765  0.16765  0.16765  0.16765  0.16765  0.16765  0.16765  0.16765  0.16765  0.16765  0.16765  0.16765  0.16765  0.16765  0.16765 
 0.07500  0.00000  0.01003  0.04966  0.08704  0.11407  0.13235  0.14446  0.15243  0.15765  0.16109  0.16334  0.16481  0.16578  0.16642  0.16684  0.16711  0.16729  0.16741  0.16749  0.16754  0.16758  0.16760  0.16762  0.16763  0.16764  0.16765  0.16765  0.16765  0.16765  0.16765  0.16765  0.16765  0.16765  0.16765  0.16765  0.16765  0.16765  0.16765  0.16765  0.16765  0.16765  0.16765  0.16765  0.16765  0.16765  0.16765  0.16765  0.16765  0.16765  0.16765  0.16765  0.16765  0.16765  0.16765  0.16765  0.16765  0.16765  0.16765  0.16765  0.16765  0.16765  0.16765  0.16765  0.16765  0.16765  0.16765  0.16765  0.16765  0.16765  0.16765  0.16765  0.16765  0.16765  0.16765  0.16765  0.16765  0.16765  0.16765  0.16765  0.16765  0.16765  0.16765  0.16765  0.16765  0.16765  0.16765  0.16765  0.16765  0.16765  0.16765  0.16765  0.16765  0.16765  0.16765  0.16765  0.16765  0.16765  0.16765  0.16765  0.16765 
 0.08500  0.00000  0.01187  0.05295  0.08973  0.11597  0.13362  0.14530  0.15298  0.15802  0.16133  0.16349  0.16492  0.16585  0.16646  0.16687  0.16713  0.16731  0.16742  0.16750  0.16755  0.16758  0.16760  0.16762  0.16763  0.16764  0.16765  0.16765  0.16765  0.16765  0.16765  0.16765  0.16765  0.16765  0.16765  0.16765  0.16765  0.16765  0.16765  0.16765  0.16765  0.16765  0.16765  0.16765  0.16765  0.16765  0.16765  0.16765  0.16765  0.16765  0.16765  0.16765  0.16765  0.16765  0.16765  0.16765  0.16765  0.16765  0.16765  0.16765  0.16765  0.16765  0.16765  0.16765  0.16765  0.16765  0.16765  0.16765  0.16765  0.16765  0.16765  0.16765  0.16765  0.16765  0.16765  0.16765  0.16765  0.16765  0.16765  0.16765  0.16765  0.16765  0.16765  0.16765  0.16765  0.16765  0.16765  0.16765  0.16765  0.16765  0.16765  0.16765  0.16765  0.16765  0.16765  0.16765  0.16765  0.16765  0.16765  0.16765  0.16765 
 0.09500  0.00000  0.01405  0.05665  0.09274  0.11807  0.13503  0.14623  0.15359  0.15842  0.16159  0.16367  0.16503  0.16593  0.16651  0.16690  0.16715  0.16732  0.16743  0.16750  0.16755  0.16758  0.16761  0.16762  0.16763  0.16764  0.16765  0.16765  0.16765  0.16765  0.16765  0.16765  0.16765  0.16765  0.16765  0.16765  0.16765  0.16765  0.16765  0.16765  0.16765  0.16765  0.16765  0.16765  0.16765  0.16765  0.16765  0.16765  0.16765  0.16765  0.16765  0.16765  0.16765  0.16765  0.16765  0.16765  0.16765  0.16765  0.16765  0.16765  0.16765  0.16765  0.16765  0.16765  0.16765  0.16765  0.16765  0.16765  0.16765  0.16765  0.16765  0.16765  0.16765  0.16765  0.16765  0.16765  0.16765  0.16765  0.16765  0.16765  0.16765  0.16765  0.16765  0.16765  0.16765  0.16765  0.16765  0.16765  0.16765  0.16765  0.16765  0.16765  0.16765  0.16765  0.16765  0.16765  0.16765  0.16765  0.16765  0.16765  0.16765 
 0.10500  0.00000  0.01660  0.06076  0.09605  0.12038  0.13658  0.14726  0.15427  0.15887  0.16188  0.16386  0.16516  0.16601  0.16657  0.16693  0.16718  0.16733  0.16744  0.16751  0.16756  0.16759  0.16761  0.16762  0.16763  0.16764  0.16765  0.16765  0.16765  0.16765  0.16765  0.16765  0.16765  0.16765  0.16765  0.16765  0.16765  0.16765  0.16765  0.16765  0.16765  0.16765  0.16765  0.16765  0.16765  0.16765  0.16765  0.16765  0.16765  0.16765  0.16765  0.16765  0.16765  0.16765  0.16765  0.16765  0.16765  0.16765  0.16765  0.16765  0.16765  0.16765  0.16765  0.16765  0.16765  0.16765  0.16765  0.16765  0.16765  0.16765  0.16765  0.16765  0.16765  0.16765  0.16765  0.16765  0.16765  0.16765  0.16765  0.16765  0.16765  0.16765  0.16765  0.16765  0.16765  0.16765  0.16765  0.16765  0.16765  0.16765  0.16765  0.16765  0.16765  0.16765  0.16765  0.16765  0.16765  0.16765  0.16765  0.16765  0.16765 
 0.11500  0.00000  0.01956  0.06528  0.09965  0.12288  0.13825  0.14836  0.15500  0.15935  0.16220  0.16407  0.16529  0.16610  0.16663  0.16697  0.16720  0.16735  0.16745  0.16752  0.16756  0.16759  0.16761  0.16762  0.16764  0.16764  0.16765  0.16765  0.16765  0.16765  0.16765  0.16765  0.16765  0.16765  0.16765  0.16765  0.16765  0.16765  0.16765  0.16765  0.16765  0.16765  0.16765  0.16765  0.16765  0.16765  0.16765  0.16765  0.16765  0.16765  0.16765  0.16765  0.16765  0.16765  0.16765  0.16765  0.16765  0.16765  0.16765  0.16765  0.16765  0.16765  0.16765  0.16765  0.16765  0.16765  0.16765  0.16765  0.16765  0.16765  0.16765  0.16765  0.16765  0.16765  0.16765  0.16765  0.16765  0.16765  0.16765  0.16765  0.16765  0.16765  0.16765  0.16765  0.16765  0.16765  0.16765  0.16765  0.16765  0.16765  0.16765  0.16765  0.16765  0.16765  0.16765  0.16765  0.16765  0.16765  0.16765  0.16765  0.16765 
 0.12500  0.00000  0.02297  0.07021  0.10353  0.12557  0.14005  0.14955  0.15578  0.15986  0.16254  0.16429  0.16544  0.16619  0.16669  0.16701  0.16723  0.16737  0.16746  0.16752  0.16757  0.16759  0.16761  0.16763  0.16764  0.16764  0.16765  0.16765  0.16765  0.16765  0.16765  0.16765  0.16765  0.16765  0.16765  0.16765  0.16765  0.16765  0.16765  0.16765  0.16765  0.16765  0.16765  0.16765  0.16765  0.16765  0.16765  0.16765  0.16765  0.16765  0.16765  0.16765  0.16765  0.16765  0.16765  0.16765  0.16765  0.16765  0.16765  0.16765  0.16765  0.16765  0.16765  0.16765  0.16765  0.16765  0.16765  0.16765  0.16765  0.16765  0.16765  0.16765  0.16765  0.16765  0.16765  0.16765  0.16765  0.16765  0.16765  0.16765  0.16765  0.16765  0.16765  0.16765  0.16765  0.16765  0.16765  0.16765  0.16765  0.16765  0.16765  0.16765  0.16765  0.16765  0.16765  0.16765  0.16765  0.16765  0.16765  0.16765  0.16765 
 0.13500  0.00000  0.02688  0.07554  0.10768  0.12843  0.14196  0.15081  0.15661  0.16041  0.16290  0.16453  0.16560  0.16630  0.16676  0.16706  0.16726  0.16739  0.16747  0.16753  0.16757  0.16760  0.16762  0.16763  0.16764  0.16764  0.16765  0.16765  0.16766  0.16766  0.16766  0.16766  0.16766  0.16766  0.16766  0.16766  0.16766  0.16766  0.16766  0.16766  0.16766  0.16766  0.16766  0.16766  0.16766  0.16766  0.16766  0.16766  0.16766  0.16766  0.16766  0.16766  0.16766  0.16766  0.16766  0.16766  0.16766  0.16766  0.16766  0.16766  0.16766  0.16766  0.16766  0.16766  0.16766  0.16766  0.16766  0.16766  0.16766  0.16766  0.16766  0.16766  0.16766  0.16766  0.16766  0.16766  0.16766  0.16766  0.16766  0.16766  0.16766  0.16766  0.16766  0.16766  0.16766  0.16766  0.16766  0.16766  0.16766  0.16766  0.16766  0.16766  0.16766  0.16766  0.16766  0.16766  0.16766  0.16766  0.16766  0.16766  0.16766 
 0.14500  0.00000  0.03133  0.08126  0.11208  0.13146  0.14398  0.15215  0.15749  0.16098  0.16327  0.16478  0.16576  0.16640  0.16683  0.16711  0.16729  0.16741  0.16749  0.16754  0.16758  0.16760  0.16762  0.16763  0.16764  0.16764  0.16765  0.16765  0.16766  0.16766  0.16766  0.16766  0.16766  0.16766  0.16766  0.16766  0.16766  0.16766  0.16766  0.16766  0.16766  0.16766  0.16766  0.16766  0.16766  0.16766  0.16766  0.16766  0.16766  0.16766  0.16766  0.16766  0.16766  0.16766  0.16766  0.16766  0.16766  0.16766  0.16766  0.16766  0.16766  0.16766  0.16766  0.16766  0.16766  0.16766  0.16766  0.16766  0.16766  0.16766  0.16766  0.16766  0.16766  0.16766  0.16766  0.16766  0.16766  0.16766  0.16766  0.16766  0.16766  0.16766  0.16766  0.16766  0.16766  0.16766  0.16766  0.16766  0.16766  0.16766  0.16766  0.16766  0.16766  0.16766  0.16766  0.16766  0.16766  0.16766  0.16766  0.16766  0.16766 
 0.15500  0.00000  0.03636  0.08736  0.11672  0.13465  0.14610  0.15354  0.15841  0.16159  0.16367  0.16504  0.16593  0.16652  0.16690  0.16715  0.16732  0.16743  0.16750  0.16755  0.16758  0.16760  0.16762  0.16763  0.16764  0.16765  0.16765  0.16765  0.16766  0.16766  0.16766  0.16766  0.16766  0.16766  0.16766  0.16766  0.16766  0.16766  0.16766  0.16766  0.16766  0.16766  0.16766  0.16766  0.16766  0.16766  0.16766  0.16766  0.16766  0.16766  0.16766  0.16766  0.16766  0.16766  0.16766  0.16766  0.16766  0.16766  0.16766  0.16766  0.16766  0.16766  0.16766  0.16766  0.16766  0.16766  0.16766  0.16766  0.16766  0.16766  0.16766  0.16766  0.16766  0.16766  0.16766  0.16766  0.16766  0.16766  0.16766  0.16766  0.16766  0.16766  0.16766  0.16766  0.16766  0.16766  0.16766  0.16766  0.16766  0.16766  0.16766  0.16766  0.16766  0.16766  0.16766  0.16766  0.16766  0.16766  0.16766  0.16766  0.16766 
 0.16500  0.00000  0.04203  0.09385  0.12158  0.13797  0.14831  0.15500  0.15936  0.16222  0.16409  0.16531  0.16611  0.16663  0.16698  0.16720  0.16735  0.16745  0.16752  0.16756  0.16759  0.16761  0.16762  0.16763  0.16764  0.16765  0.16765  0.16765  0.16766  0.16766  0.16766  0.16766  0.16766  0.16766  0.16766  0.16766  0.16766  0.16766  0.16766  0.16766  0.16766  0.16766  0.16766  0.16766  0.16766  0.16766  0.16766  0.16766  0.16766  0.16766  0.16766  0.16766  0.16766  0.16766  0.16766  0.16766  0.16766  0.16766  0.16766  0.16766  0.16766  0.16766  0.16766  0.16766  0.16766  0.16766  0.16766  0.16766  0.16766  0.16766  0.16766  0.16766  0.16766  0.16766  0.16766  0.16766  0.16766  0.16766  0.16766  0.16766  0.16766  0.16766  0.16766  0.16766  0.16766  0.16766  0.16766  0.16766  0.16766  0.16766  0.16766  0.16766  0.16766  0.16766  0.16766  0.16766  0.16766  0.16766  0.16766  0.16766  0.16766 
 0.17500  0.00000  0.04837  0.10069  0.12665  0.14142  0.15060  0.15651  0.16036  0.16287  0.16451  0.16559  0.16629  0.16676  0.16706  0.16726  0.16739  0.16747  0.16753  0.16757  0.16760  0.16761  0.16763  0.16763  0.16764  0.16765  0.16765  0.16765  0.16766  0.16766  0.16766  0.16766  0.16766  0.16766  0.16766  0.16766  0.16766  0.16766  0.16766  0.16766  0.16766  0.16766  0.16766  0.16766  0.16766  0.16766  0.16766  0.16766  0.16766  0.16766  0.16766  0.16766  0.16766  0.16766  0.16766  0.16766  0.16766  0.16766  0.16766  0.16766  0.16766  0.16766  0.16766  0.16766  0.16766  0.16766  0.16766  0.16766  0.16766  0.16766  0.16766  0.16766  0.16766  0.16766  0.16766  0.16766  0.16766  0.16766  0.16766  0.16766  0.16766  0.16766  0.16766  0.16766  0.16766  0.16766  0.16766  0.16766  0.16766  0.16766  0.16766  0.16766  0.16766  0.16766  0.16766  0.16766  0.16766  0.16766  0.16766  0.16766  0.16766 
 0.18500  0.00000  0.05543  0.10789  0.13190  0.14498  0.15296  0.15807  0.16138  0.16354  0.16495  0.16588  0.16648  0.16688  0.16714  0.16731  0.16742  0.16750  0.16755  0.16758  0.16760  0.16762  0.16763  0.16764  0.16764  0.16765  0.16765  0.16766  0.16766  0.16766  0.16766  0.16766  0.16766  0.16766  0.16766  0.16766  0.16766  0.16766  0.16766  0.16766  0.16766  0.16766  0.16766  0.16766  0.16766  0.16766  0.16766  0.16766  0.16766  0.16766  0.16766  0.16766  0.16766  0.16766  0.16766  0.16766  0.16766  0.16766  0.16766  0.16766  0.16766  0.16766  0.16766  0.16766  0.16766  0.16766  0.16766  0.16766  0.16766  0.16766  0.16766  0.16766  0.16766  0.16766  0.16766  0.16766  0.16766  0.16766  0.16766  0.16766  0.16766  0.16766  0.16766  0.16766  0.16766  0.16766  0.16766  0.16766  0.16766  0.16766  0.16766  0.16766  0.16766  0.16766  0.16766  0.16766  0.16766  0.16766  0.16766  0.16766  0.16766 
 0.19500  0.00000  0.06324  0.11542  0.13732  0.14864  0.15539  0.15967  0.16243  0.16423  0.16541  0.16618  0.16668  0.16701  0.16722  0.16737  0.16746  0.16752  0.16756  0.16759  0.16761  0.16762  0.16763  0.16764  0.16764  0.16765  0.16765  0.16766  0.16766  0.16766  0.16766  0.16766  0.16766  0.16766  0.16766  0.16766  0.16766  0.16766  0.16766  0.16766  0.16766  0.16766  0.16766  0.16766  0.16766  0.16766  0.16766  0.16766  0.16766  0.16766  0.16766  0.16766  0.16766  0.16766  0.16766  0.16766  0.16766  0.16766  0.16766  0.16766  0.16766  0.16766  0.16766  0.16766  0.16766  0.16766  0.16766  0.16766  0.16766  0.16766  0.16766  0.16766  0.16766  0.16766  0.16766  0.16766  0.16766  0.16766  0.16766  0.16766  0.16766  0.16766  0.16766  0.16766  0.16766  0.16766  0.16766  0.16766  0.16766  0.16766  0.16766  0.16766  0.16766  0.16766  0.16766  0.16766  0.16766  0.16766  0.16766  0.16766  0.16766 
 0.20500  0.00000  0.07184  0.12327  0.14289  0.15238  0.15787  0.16130  0.16350  0.16493  0.16587  0.16648  0.16688  0.16714  0.16731  0.16742  0.16750  0.16754  0.16758  0.16760  0.16762  0.16763  0.16763  0.16764  0.16765  0.16765  0.16765  0.16766  0.16766  0.16766  0.16766  0.16766  0.16766  0.16766  0.16766  0.16766  0.16766  0.16766  0.16766  0.16766  0.16766  0.16766  0.16766  0.16766  0.16766  0.16766  0.16766  0.16766  0.16766  0.16766  0.16766  0.16766  0.16766  0.16766  0.16766  0.16766  0.16766  0.16766  0.16766  0.16766  0.16766  0.16766  0.16766  0.16766  0.16766  0.16766  0.16766  0.16766  0.16766  0.16766  0.16766  0.16766  0.16766  0.16766  0.16766  0.16766  0.16766  0.16766  0.16766  0.16766  0.16766  0.16766  0.16766  0.16766  0.16766  0.16766  0.16766  0.16766  0.16766  0.16766  0.16766  0.16766  0.16766  0.16766  0.16766  0.16766  0.16766  0.16766  0.16766  0.16766  0.16766 
 0.21500  0.00000  0.08124  0.13141  0.14859  0.15620  0.16039  0.16295  0.16459  0.16565  0.16634  0.16679  0.16708  0.16727  0.16740  0.16748  0.16753  0.16757  0.16759  0.16761  0.16762  0.16763  0.16764  0.16764  0.16765  0.16765  0.16765  0.16766  0.16766  0.16766  0.16766  0.16766  0.16766  0.16766  0.16766  0.16766  0.16766  0.16766  0.16766  0.16766  0.16766  0.16766  0.16766  0.16766  0.16766  0.16766  0.16766  0.16766  0.16766  0.16766  0.16766  0.16766  0.16766  0.16766  0.16766  0.16766  0.16766  0.16766  0.16766  0.16766  0.16766  0.16766  0.16766  0.16766  0.16766  0.16766  0.16766  0.16766  0.16766  0.16766  0.16766  0.16766  0.16766  0.16766  0.16766  0.16766  0.16766  0.16766  0.16766  0.16766  0.16766  0.16766  0.16766  0.16766  0.16766  0.16766  0.16766  0.16766  0.16766  0.16766  0.16766  0.16766  0.16766  0.16766  0.16766  0.16766  0.16766  0.16766  0.16766  0.16766  0.16766 
 0.22500  0.00000  0.09148  0.13981  0.15439  0.16007  0.16294  0.16463  0.16569  0.16637  0.16681  0.16710  0.16729  0.16741  0.16749  0.16754  0.16757  0.16759  0.16761  0.16762  0.16763  0.16764  0.16764  0.16764  0.16765  0.16765  0.16765  0.16766  0.16766  0.16766  0.16766  0.16766  0.16766  0.16766  0.16766  0.16766  0.16766  0.16766  0.16766  0.16766  0.16766  0.16766  0.16766  0.16766  0.16766  0.16766  0.16766  0.16766  0.16766  0.16766  0.16766  0.16766  0.16766  0.16766  0.16766  0.16766  0.16766  0.16766  0.16766  0.16766  0.16766  0.16766  0.16766  0.16766  0.16766  0.16766  0.16766  0.16766  0.16766  0.16766  0.16766  0.16766  0.16766  0.16766  0.16766  0.16766  0.16766  0.16766  0.16766  0.16766  0.16766  0.16766  0.16766  0.16766  0.16766  0.16766  0.16766  0.16766  0.16766  0.16766  0.16766  0.16766  0.16766  0.16766  0.16766  0.16766  0.16766  0.16766  0.16766  0.16766  0.16766 
 0.23500  0.00000  0.10255  0.14846  0.16027  0.16397  0.16551  0.16632  0.16680  0.16710  0.16729  0.16741  0.16749  0.16754  0.16757  0.16760  0.16761  0.16762  0.16763  0.16763  0.16764  0.16764  0.16764  0.16765  0.16765  0.16765  0.16765  0.16766  0.16766  0.16766  0.16766  0.16766  0.16766  0.16766  0.16766  0.16766  0.16766  0.16766  0.16766  0.16766  0.16766  0.16766  0.16766  0.16766  0.16766  0.16766  0.16766  0.16766  0.16766  0.16766  0.16766  0.16766  0.16766  0.16766  0.16766  0.16766  0.16766  0.16766  0.16766  0.16766  0.16766  0.16766  0.16766  0.16766  0.16766  0.16766  0.16766  0.16766  0.16766  0.16766  0.16766  0.16766  0.16766  0.16766  0.16766  0.16766  0.16766  0.16766  0.16766  0.16766  0.16766  0.16766  0.16766  0.16766  0.16766  0.16766  0.16766  0.16766  0.16766  0.16766  0.16766  0.16766  0.16766  0.16766  0.16766  0.16766  0.16766  0.16766  0.16766  0.16766  0.16766 
 0.24500  0.00000  0.11447  0.15731  0.16622  0.16790  0.16810  0.16802  0.16792  0.16783  0.16777  0.16773  0.16770  0.16768  0.16766  0.16765  0.16765  0.16764  0.16764  0.16764  0.16764  0.16764  0.16765  0.16765  0.16765  0.16765  0.16766  0.16766  0.16766  0.16766  0.16766  0.16766  0.16766  0.16766  0.16766  0.16766  0.16766  0.16766  0.16766  0.16766  0.16766  0.16766  0.16766  0.16766  0.16766  0.16766  0.16766  0.16766  0.16766  0.16766  0.16766  0.16766  0.16766  0.16766  0.16766  0.16766  0.16766  0.16766  0.16766  0.16766  0.16766  0.16766  0.16766  0.16766  0.16766  0.16766  0.16766  0.16766  0.16766  0.16766  0.16766  0.16766  0.16766  0.16766  0.16766  0.16766  0.16766  0.16766  0.16766  0.16766  0.16766  0.16766  0.16766  0.16766  0.16766  0.16766  0.16766  0.16766  0.16766  0.16766  0.16766  0.16766  0.16766  0.16766  0.16766  0.16766  0.16766  0.16766  0.16766  0.16766  0.16766 
 0.25500  0.00000  0.12721  0.16634  0.17220  0.17183  0.17068  0.16971  0.16903  0.16856  0.16825  0.16804  0.16790  0.16781  0.16775  0.16771  0.16769  0.16767  0.16766  0.16765  0.16765  0.16765  0.16765  0.16765  0.16765  0.16765  0.16766  0.16766  0.16766  0.16766  0.16766  0.16766  0.16766  0.16766  0.16766  0.16766  0.16766  0.16766  0.16766  0.16766  0.16766  0.16766  0.16766  0.16766  0.16766  0.16766  0.16766  0.16766  0.16766  0.16766  0.16766  0.16766  0.16766  0.16766  0.16766  0.16766  0.16766  0.16766  0.16766  0.16766  0.16766  0.16766  0.16766  0.16766  0.16766  0.16766  0.16766  0.16766  0.16766  0.16766  0.16766  0.16766  0.16766  0.16766  0.16766  0.16766  0.16766  0.16766  0.16766  0.16766  0.16766  0.16766  0.16766  0.16766  0.16766  0.16766  0.16766  0.16766  0.16766  0.16766  0.16766  0.16766  0.16766  0.16766  0.16766  0.16766  0.16766  0.16766  0.16766  0.16766  0.16766 
 0.26500  0.00000  0.14076  0.17551  0.17819  0.17576  0.17325  0.17140  0.17014  0.16929  0.16873  0.16836  0.16811  0.16795  0.16784  0.16777  0.16772  0.16769  0.16768  0.16766  0.16766  0.16765  0.16765  0.16765  0.16765  0.16765  0.16766  0.16766  0.16766  0.16766  0.16766  0.16766  0.16766  0.16766  0.16766  0.16766  0.16766  0.16766  0.16766  0.16766  0.16766  0.16766  0.16766  0.16766  0.16766  0.16766  0.16766  0.16766  0.16766  0.16766  0.16766  0.16766  0.16766  0.16766  0.16766  0.16766  0.16766  0.16766  0.16766  0.16766  0.16766  0.16766  0.16766  0.16766  0.16766  0.16766  0.16766  0.16766  0.16766  0.16766  0.16766  0.16766  0.16766  0.16766  0.16766  0.16766  0.16766  0.16766  0.16766  0.16766  0.16766  0.16766  0.16766  0.16766  0.16766  0.16766  0.16766  0.16766  0.16766  0.16766  0.16766  0.16766  0.16766  0.16766  0.16766  0.16766  0.16766  0.16766  0.16766  0.16766  0.16766 
 0.27500  0.00000  0.15507  0.18478  0.18416  0.17965  0.17580  0.17307  0.17123  0.17001  0.16920  0.16867  0.16831  0.16808  0.16793  0.16783  0.16776  0.16772  0.16769  0.16767  0.16766  0.16766  0.16766  0.16765  0.16765  0.16766  0.16766  0.16766  0.16766  0.16766  0.16766  0.16766  0.16766  0.16766  0.16766  0.16766  0.16766  0.16766  0.16766  0.16766  0.16766  0.16766  0.16766  0.16766  0.16766  0.16766  0.16766  0.16766  0.16766  0.16766  0.16766  0.16766  0.16766  0.16766  0.16766  0.16766  0.16766  0.16766  0.16766  0.16766  0.16766  0.16766  0.16766  0.16766  0.16766  0.16766  0.16766  0.16766  0.16766  0.16766  0.16766  0.16766  0.16766  0.16766  0.16766  0.16766  0.16766  0.16766  0.16766  0.16766  0.16766  0.16766  0.16766  0.16766  0.16766  0.16766  0.16766  0.16766  0.16766  0.16766  0.16766  0.16766  0.16766  0.16766  0.16766  0.16766  0.16766  0.16766  0.16766  0.16766  0.16766 
 0.28500  0.00000  0.17011  0.19412  0.19010  0.18350  0.17832  0.17473  0.17232  0.17072  0.16967  0.16897  0.16851  0.16821  0.16801  0.16788  0.16780  0.16774  0.16771  0.16768  0.16767  0.16766  0.16766  0.16766  0.16766  0.16766  0.16766  0.16766  0.16766  0.16766  0.16766  0.16766  0.16766  0.16766  0.16766  0.16766  0.16766  0.16766  0.16766  0.16766  0.16766  0.16766  0.16766  0.16766  0.16766  0.16766  0.16766  0.16766  0.16766  0.16766  0.16766  0.16766  0.16766  0.16766  0.16766  0.16766  0.16766  0.16766  0.16766  0.16766  0.16766  0.16766  0.16766  0.16766  0.16766  0.16766  0.16766  0.16766  0.16766  0.16766  0.16766  0.16766  0.16766  0.16766  0.16766  0.16766  0.16766  0.16766  0.16766  0.16766  0.16766  0.16766  0.16766  0.16766  0.16766  0.16766  0.16766  0.16766  0.16766  0.16766  0.16766  0.16766  0.16766  0.16766  0.16766  0.16766  0.16766  0.16766  0.16766  0.16766  0.16766 
 0.29500  0.00000  0.18579  0.20346  0.19596  0.18730  0.18080  0.17635  0.17338  0.17142  0.17012  0.16927  0.16871  0.16834  0.16810  0.16794  0.16783  0.16777  0.16772  0.16770  0.16768  0.16767  0.16766  0.16766  0.16766  0.16766  0.16766  0.16766  0.16766  0.16766  0.16766  0.16766  0.16766  0.16766  0.16766  0.16766  0.16766  0.16766  0.16766  0.16766  0.16766  0.16766  0.16766  0.16766  0.16766  0.16766  0.16766  0.16766  0.16766  0.16766  0.16766  0.16766  0.16766  0.16766  0.16766  0.16766  0.16766  0.16766  0.16766  0.16766  0.16766  0.16766  0.16766  0.16766  0.16766  0.16766  0.16766  0.16766  0.16766  0.16766  0.16766  0.16766  0.16766  0.16766  0.16766  0.16766  0.16766  0.16766  0.16766  0.16766  0.16766  0.16766  0.16766  0.16766  0.16766  0.16766  0.16766  0.16766  0.16766  0.16766  0.16766  0.16766  0.16766  0.16766  0.16766  0.16766  0.16766  0.16766  0.16766  0.16766  0.16766 
 0.30500  0.00000  0.20205  0.21278  0.20174  0.19101  0.18322  0.17793  0.17442  0.17210  0.17057  0.16956  0.16890  0.16847  0.16818  0.16799  0.16787  0.16779  0.16774  0.16771  0.16768  0.16767  0.16766  0.16766  0.16766  0.16766  0.16766  0.16766  0.16766  0.16766  0.16766  0.16766  0.16766  0.16766  0.16766  0.16766  0.16766  0.16766  0.16766  0.16766  0.16766  0.16766  0.16766  0.16766  0.16766  0.16766  0.16766  0.16766  0.16766  0.16766  0.16766  0.16766  0.16766  0.16766  0.16766  0.16766  0.16766  0.16766  0.16766  0.16766  0.16766  0.16766  0.16766  0.16766  0.16766  0.16766  0.16766  0.16766  0.16766  0.16766  0.16766  0.16766  0.16766  0.16766  0.16766  0.16766  0.16766  0.16766  0.16766  0.16766  0.16766  0.16766  0.16766  0.16766  0.16766  0.16766  0.16766  0.16766  0.16766  0.16766  0.16766  0.16766  0.16766  0.16766  0.16766  0.16766  0.16766  0.16766  0.16766  0.16766  0.16766 
 0.31500  0.00000  0.22412  0.22514  0.20934  0.19589  0.18639  0.18001  0.17578  0.17299  0.17115  0.16995  0.16915  0.16863  0.16829  0.16806  0.16792  0.16782  0.16776  0.16772  0.16769  0.16768  0.16767  0.16766  0.16766  0.16766  0.16766  0.16766  0.16766  0.16766  0.16766  0.16766  0.16766  0.16766  0.16766  0.16766  0.16766  0.16766  0.16766  0.16766  0.16766  0.16766  0.16766  0.16766  0.16766  0.16766  0.16766  0.16766  0.16766  0.16766  0.16766  0.16766  0.16766  0.16766  0.16766  0.16766  0.16766  0.16766  0.16766  0.16766  0.16766  0.16766  0.16766  0.16766  0.16766  0.16766  0.16766  0.16766  0.16766  0.16766  0.16766  0.16766  0.16766  0.16766  0.16766  0.16766  0.16766  0.16766  0.16766  0.16766  0.16766  0.16766  0.16766  0.16766  0.16766  0.16766  0.16766  0.16766  0.16766  0.16766  0.16766  0.16766  0.16766  0.16766  0.16766  0.16766  0.16766  0.16766  0.16766  0.16766  0.16766 
 0.32500  0.00000  0.24653  0.23736  0.21679  0.20065  0.18949  0.18204  0.17711  0.17386  0.17173  0.17032  0.16940  0.16879  0.16839  0.16813  0.16796  0.16785  0.16778  0.16773  0.16770  0.16768  0.16767  0.16766  0.16766  0.16766  0.16766  0.16766  0.16766  0.16766  0.16766  0.16766  0.16766  0.16766  0.16766  0.16766  0.16766  0.16766  0.16766  0.16766  0.16766  0.16766  0.16766  0.16766  0.16766  0.16766  0.16766  0.16766  0.16766  0.16766  0.16766  0.16766  0.16766  0.16766  0.16766  0.16766  0.16766  0.16766  0.16766  0.16766  0.16766  0.16766  0.16766  0.16766  0.16766  0.16766  0.16766  0.16766  0.16766  0.16766  0.16766  0.16766  0.16766  0.16766  0.16766  0.16766  0.16766  0.16766  0.16766  0.16766  0.16766  0.16766  0.16766  0.16766  0.16766  0.16766  0.16766  0.16766  0.16766  0.16766  0.16766  0.16766  0.16766  0.16766  0.16766  0.16766  0.16766  0.16766  0.16766  0.16766  0.16766 
 0.33500  0.00000  0.26914  0.24937  0.22405  0.20528  0.19250  0.18400  0.17840  0.17471  0.17228  0.17068  0.16964  0.16895  0.16850  0.16820  0.16801  0.16788  0.16780  0.16774  0.16771  0.16769  0.16767  0.16767  0.16766  0.16766  0.16766  0.16766  0.16766  0.16766  0.16766  0.16766  0.16766  0.16766  0.16766  0.16766  0.16766  0.16766  0.16766  0.16766  0.16766  0.16766  0.16766  0.16766  0.16766  0.16766  0.16766  0.16766  0.16766  0.16766  0.16766  0.16766  0.16766  0.16766  0.16766  0.16766  0.16766  0.16766  0.16766  0.16766  0.16766  0.16766  0.16766  0.16766  0.16766  0.16766  0.16766  0.16766  0.16766  0.16766  0.16766  0.16766  0.16766  0.16766  0.16766  0.16766  0.16766  0.16766  0.16766  0.16766  0.16766  0.16766  0.16766  0.16766  0.16766  0.16766  0.16766  0.16766  0.16766  0.16766  0.16766  0.16766  0.16766  0.16766  0.16766  0.16766  0.16766  0.16766  0.16766  0.16766  0.16766 
 0.34500  0.00000  0.29178  0.26111  0.23109  0.20976  0.19541  0.18590  0.17964  0.17552  0.17281  0.17103  0.16987  0.16910  0.16859  0.16826  0.16805  0.16791  0.16781  0.16775  0.16772  0.16769  0.16768  0.16767  0.16766  0.16766  0.16766  0.16766  0.16766  0.16766  0.16766  0.16766  0.16766  0.16766  0.16766  0.16766  0.16766  0.16766  0.16766  0.16766  0.16766  0.16766  0.16766  0.16766  0.16766  0.16766  0.16766  0.16766  0.16766  0.16766  0.16766  0.16766  0.16766  0.16766  0.16766  0.16766  0.16766  0.16766  0.16766  0.16766  0.16766  0.16766  0.16766  0.16766  0.16766  0.16766  0.16766  0.16766  0.16766  0.16766  0.16766  0.16766  0.16766  0.16766  0.16766  0.16766  0.16766  0.16766  0.16766  0.16766  0.16766  0.16766  0.16766  0.16766  0.16766  0.16766  0.16766  0.16766  0.16766  0.16766  0.16766  0.16766  0.16766  0.16766  0.16766  0.16766  0.16766  0.16766  0.16766  0.16766  0.16766 
 0.35500  0.00000  0.31428  0.27251  0.23788  0.21406  0.19820  0.18772  0.18083  0.17630  0.17333  0.17137  0.17009  0.16924  0.16869  0.16833  0.16809  0.16793  0.16783  0.16777  0.16772  0.16770  0.16768  0.16767  0.16767  0.16767  0.16767  0.16767  0.16767  0.16767  0.16767  0.16767  0.16767  0.16767  0.16767  0.16767  0.16767  0.16767  0.16767  0.16767  0.16767  0.16767  0.16767  0.16767  0.16767  0.16767  0.16767  0.16767  0.16767  0.16767  0.16767  0.16767  0.16767  0.16767  0.16767  0.16767  0.16767  0.16767  0.16767  0.16767  0.16767  0.16767  0.16767  0.16767  0.16767  0.16767  0.16767  0.16767  0.16767  0.16767  0.16767  0.16767  0.16767  0.16767  0.16767  0.16767  0.16767  0.16767  0.16767  0.16767  0.16767  0.16767  0.16767  0.16767  0.16767  0.16767  0.16767  0.16767  0.16767  0.16767  0.16767  0.16767  0.16767  0.16767  0.16767  0.16767  0.16767  0.16767  0.16767  0.16767  0.16767 
 0.36500  0.00000  0.33646  0.28352  0.24438  0.21818  0.20086  0.18946  0.18197  0.17705  0.17381  0.17169  0.17030  0.16938  0.16878  0.16839  0.16813  0.16796  0.16785  0.16778  0.16773  0.16770  0.16768  0.16767  0.16767  0.16767  0.16767  0.16767  0.16767  0.16767  0.16767  0.16767  0.16767  0.16767  0.16767  0.16767  0.16767  0.16767  0.16767  0.16767  0.16767  0.16767  0.16767  0.16767  0.16767  0.16767  0.16767  0.16767  0.16767  0.16767  0.16767  0.16767  0.16767  0.16767  0.16767  0.16767  0.16767  0.16767  0.16767  0.16767  0.16767  0.16767  0.16767  0.16767  0.16767  0.16767  0.16767  0.16767  0.16767  0.16767  0.16767  0.16767  0.16767  0.16767  0.16767  0.16767  0.16767  0.16767  0.16767  0.16767  0.16767  0.16767  0.16767  0.16767  0.16767  0.16767  0.16767  0.16767  0.16767  0.16767  0.16767  0.16767  0.16767  0.16767  0.16767  0.16767  0.16767  0.16767  0.16767  0.16767  0.16767 
 0.37500  0.00000  0.35813  0.29406  0.25057  0.22208  0.20339  0.19111  0.18305  0.17776  0.17428  0.17199  0.17050  0.16951  0.16886  0.16844  0.16816  0.16798  0.16786  0.16779  0.16774  0.16771  0.16769  0.16767  0.16767  0.16767  0.16767  0.16767  0.16767  0.16767  0.16767  0.16767  0.16767  0.16767  0.16767  0.16767  0.16767  0.16767  0.16767  0.16767  0.16767  0.16767  0.16767  0.16767  0.16767  0.16767  0.16767  0.16767  0.16767  0.16767  0.16767  0.16767  0.16767  0.16767  0.16767  0.16767  0.16767  0.16767  0.16767  0.16767  0.16767  0.16767  0.16767  0.16767  0.16767  0.16767  0.16767  0.16767  0.16767  0.16767  0.16767  0.16767  0.16767  0.16767  0.16767  0.16767  0.16767  0.16767  0.16767  0.16767  0.16767  0.16767  0.16767  0.16767  0.16767  0.16767  0.16767  0.16767  0.16767  0.16767  0.16767  0.16767  0.16767  0.16767  0.16767  0.16767  0.16767  0.16767  0.16767  0.16767  0.16767 
 0.38500  0.00000  0.37910  0.30407  0.25641  0.22576  0.20576  0.19266  0.18407  0.17842  0.17471  0.17228  0.17068  0.16963  0.16894  0.16849  0.16820  0.16800  0.16788  0.16780  0.16774  0.16771  0.16769  0.16768  0.16767  0.16767  0.16767  0.16767  0.16767  0.16767  0.16767  0.16767  0.16767  0.16767  0.16767  0.16767  0.16767  0.16767  0.16767  0.16767  0.16767  0.16767  0.16767  0.16767  0.16767  0.16767  0.16767  0.16767  0.16767  0.16767  0.16767  0.16767  0.16767  0.16767  0.16767  0.16767  0.16767  0.16767  0.16767  0.16767  0.16767  0.16767  0.16767  0.16767  0.16767  0.16767  0.16767  0.16767  0.16767  0.16767  0.16767  0.16767  0.16767  0.16767  0.16767  0.16767  0.16767  0.16767  0.16767  0.16767  0.16767  0.16767  0.16767  0.16767  0.16767  0.16767  0.16767  0.16767  0.16767  0.16767  0.16767  0.16767  0.16767  0.16767  0.16767  0.16767  0.16767  0.16767  0.16767  0.16767  0.16767 
 0.39500  0.00000  0.39918  0.31349  0.26188  0.22919  0.20798  0.19411  0.18501  0.17904  0.17512  0.17255  0.17086  0.16975  0.16902  0.16854  0.16823  0.16803  0.16789  0.16781  0.16775  0.16771  0.16769  0.16768  0.16767  0.16767  0.16767  0.16767  0.16767  0.16767  0.16767  0.16767  0.16767  0.16767  0.16767  0.16767  0.16767  0.16767  0.16767  0.16767  0.16767  0.16767  0.16767  0.16767  0.16767  0.16767  0.16767  0.16767  0.16767  0.16767  0.16767  0.16767  0.16767  0.16767  0.16767  0.16767  0.16767  0.16767  0.16767  0.16767  0.16767  0.16767  0.16767  0.16767  0.16767  0.16767  0.16767  0.16767  0.16767  0.16767  0.16767  0.16767  0.16767  0.16767  0.16767  0.16767  0.16767  0.16767  0.16767  0.16767  0.16767  0.16767  0.16767  0.16767  0.16767  0.16767  0.16767  0.16767  0.16767  0.16767  0.16767  0.16767  0.16767  0.16767  0.16767  0.16767  0.16767  0.16767  0.16767  0.16767  0.16767 
 0.40500  1.00000  0.41818  0.32227  0.26694  0.23237  0.21003  0.19545  0.18589  0.17961  0.17549  0.17279  0.17102  0.16985  0.16909  0.16859  0.16826  0.16804  0.16790  0.16781  0.16776  0.16772  0.16769  0.16768  0.16767  0.16767  0.16767  0.16767  0.16767  0.16767  0.16767  0.16767  0.16767  0.16767  0.16767  0.16767  0.16767  0.16767  0.16767  0.16767  0.16767  0.16767  0.16767  0.16767  0.16767  0.16767  0.16767  0.16767  0.16767  0.16767  0.16767  0.16767  0.16767  0.16767  0.16767  0.16767  0.16767  0.16767  0.16767  0.16767  0.16767  0.16767  0.16767  0.16767  0.16767  0.16767  0.16767  0.16767  0.16767  0.16767  0.16767  0.16767  0.16767  0.16767  0.16767  0.16767  0.16767  0.16767  0.16767  0.16767  0.16767  0.16767  0.16767  0.16767  0.16767  0.16767  0.16767  0.16767  0.16767  0.16767  0.16767  0.16767  0.16767  0.16767  0.16767  0.16767  0.16767  0.16767  0.16767  0.16767  0.16767 
 0.41500  1.00000  0.43591  0.33035  0.27159  0.23527  0.21190  0.19667  0.18668  0.18014  0.17584  0.17302  0.17116  0.16995  0.16915  0.16863  0.16829  0.16806  0.16792  0.16782  0.16776  0.16772  0.16770  0.16768  0.16767  0.16767  0.16767  0.16767  0.16767  0.16767  0.16767  0.16767  0.16767  0.16767  0.16767  0.16767  0.16767  0.16767  0.16767  0.16767  0.16767  0.16767  0.16767  0.16767  0.16767  0.16767  0.16767  0.16767  0.16767  0.16767  0.16767  0.16767  0.16767  0.16767  0.16767  0.16767  0.16767  0.16767  0.16767  0.16767  0.16767  0.16767  0.16767  0.16767  0.16767  0.16767  0.16767  0.16767  0.16767  0.16767  0.16767  0.16767  0.16767  0.16767  0.16767  0.16767  0.16767  0.16767  0.16767  0.16767  0.16767  0.16767  0.16767  0.16767  0.16767  0.16767  0.16767  0.16767  0.16767  0.16767  0.16767  0.16767  0.16767  0.16767  0.16767  0.16767  0.16767  0.16767  0.16767  0.16767  0.16767 
 0.42500  1.00000  0.45220  0.33767  0.27578  0.23789  0.21359  0.19777  0.18740  0.18061  0.17614  0.17322  0.17130  0.17003  0.16921  0.16867  0.16831  0.16808  0.16793  0.16783  0.16776  0.16772  0.16770  0.16768  0.16767  0.16767  0.16767  0.16767  0.16767  0.16767  0.16767  0.16767  0.16767  0.16767  0.16767  0.16767  0.16767  0.16767  0.16767  0.16767  0.16767  0.16767  0.16767  0.16767  0.16767  0.16767  0.16767  0.16767  0.16767  0.16767  0.16767  0.16767  0.16767  0.16767  0.16767  0.16767  0.16767  0.16767  0.16767  0.16767  0.16767  0.16767  0.16767  0.16767  0.16767  0.16767  0.16767  0.16767  0.16767  0.16767  0.16767  0.16767  0.16767  0.16767  0.16767  0.16767  0.16767  0.16767  0.16767  0.16767  0.16767  0.16767  0.16767  0.16767  0.16767  0.16767  0.16767  0.16767  0.16767  0.16767  0.16767  0.16767  0.16767  0.16767  0.16767  0.16767  0.16767  0.16767  0.16767  0.16767  0.16767 
 0.43500  1.00000  0.46687  0.34421  0.27950  0.24021  0.21509  0.19874  0.18804  0.18102  0.17642  0.17339  0.17141  0.17011  0.16926  0.16870  0.16833  0.16809  0.16794  0.16783  0.16777  0.16773  0.16770  0.16768  0.16767  0.16767  0.16767  0.16767  0.16767  0.16767  0.16767  0.16767  0.16767  0.16767  0.16767  0.16767  0.16767  0.16767  0.16767  0.16767  0.16767  0.16767  0.16767  0.16767  0.16767  0.16767  0.16767  0.16767  0.16767  0.16767  0.16767  0.16767  0.16767  0.16767  0.16767  0.16767  0.16767  0.16767  0.16767  0.16767  0.16767  0.16767  0.16767  0.16767  0.16767  0.16767  0.16767  0.16767  0.16767  0.16767  0.16767  0.16767  0.16767  0.16767  0.16767  0.16767  0.16767  0.16767  0.16767  0.16767  0.16767  0.16767  0.16767  0.16767  0.16767  0.16767  0.16767  0.16767  0.16767  0.16767  0.16767  0.16767  0.16767  0.16767  0.16767  0.16767  0.16767  0.16767  0.16767  0.16767  0.16767 
 0.44500  1.00000  0.47977  0.34990  0.28274  0.24222  0.21638  0.19958  0.18859  0.18138  0.17665  0.17355  0.17151  0.17018  0.16930  0.16873  0.16835  0.16810  0.16794  0.16784  0.16777  0.16773  0.16770  0.16768  0.16767  0.16767  0.16767  0.16767  0.16767  0.16767  0.16767  0.16767  0.16767  0.16767  0.16767  0.16767  0.16767  0.16767  0.16767  0.16767  0.16767  0.16767  0.16767  0.16767  0.16767  0.16767  0.16767  0.16767  0.16767  0.16767  0.16767  0.16767  0.16767  0.16767  0.16767  0.16767  0.16767  0.16767  0.16767  0.16767  0.16767  0.16767  0.16767  0.16767  0.16767  0.16767  0.16767  0.16767  0.16767  0.16767  0.16767  0.16767  0.16767  0.16767  0.16767  0.16767  0.16767  0.16767  0.16767  0.16767  0.16767  0.16767  0.16767  0.16767  0.16767  0.16767  0.16767  0.16767  0.16767  0.16767  0.16767  0.16767  0.16767  0.16767  0.16767  0.16767  0.16767  0.16767  0.16767  0.16767  0.16767 
 0.45500  1.00000  0.49076  0.35472  0.28547  0.24392  0.21748  0.20029  0.18905  0.18168  0.17685  0.17368  0.17160  0.17023  0.16934  0.16875  0.16837  0.16811  0.16795  0.16784  0.16778  0.16773  0.16770  0.16768  0.16767  0.16767  0.16767  0.16767  0.16767  0.16767  0.16767  0.16767  0.16767  0.16767  0.16767  0.16767  0.16767  0.16767  0.16767  0.16767  0.16767  0.16767  0.16767  0.16767  0.16767  0.16767  0.16767  0.16767  0.16767  0.16767  0.16767  0.16767  0.16767  0.16767  0.16767  0.16767  0.16767  0.16767  0.16767  0.16767  0.16767  0.16767  0.16767  0.16767  0.16767  0.16767  0.16767  0.16767  0.16767  0.16767  0.16767  0.16767  0.16767  0.16767  0.16767  0.16767  0.16767  0.16767  0.16767  0.16767  0.16767  0.16767  0.16767  0.16767  0.16767  0.16767  0.16767  0.16767  0.16767  0.16767  0.16767  0.16767  0.16767  0.16767  0.16767  0.16767  0.16767  0.16767  0.16767  0.16767  0.16767 
 0.46500  1.00000  0.49972  0.35864  0.28769  0.24530  0.21836  0.20087  0.18943  0.18193  0.17701  0.17378  0.17167  0.17028  0.16937  0.16877  0.16838  0.16812  0.16795  0.16785  0.16778  0.16773  0.16770  0.16769  0.16767  0.16767  0.16767  0.16767  0.16767  0.16767  0.16767  0.16767  0.16767  0.16767  0.16767  0.16767  0.16767  0.16767  0.16767  0.16767  0.16767  0.16767  0.16767  0.16767  0.16767  0.16767  0.16767  0.16767  0.16767  0.16767  0.16767  0.16767  0.16767  0.16767  0.16767  0.16767  0.16767  0.16767  0.16767  0.16767  0.16767  0.16767  0.16767  0.16767  0.16767  0.16767  0.16767  0.16767  0.16767  0.16767  0.16767  0.16767  0.16767  0.16767  0.16767  0.16767  0.16767  0.16767  0.16767  0.16767  0.16767  0.16767  0.16767  0.16767  0.16767  0.16767  0.16767  0.16767  0.16767  0.16767  0.16767  0.16767  0.16767  0.16767  0.16767  0.16767  0.16767  0.16767  0.16767  0.16767  0.16767 
 0.47500  1.00000  0.50656  0.36163  0.28938  0.24634  0.21903  0.20130  0.18971  0.18211  0.17713  0.17386  0.17172  0.17031  0.16939  0.16878  0.16839  0.16813  0.16796  0.16785  0.16778  0.16773  0.16770  0.16769  0.16767  0.16767  0.16767  0.16767  0.16767  0.16767  0.16767  0.16767  0.16767  0.16767  0.16767  0.16767  0.16767  0.16767  0.16767  0.16767  0.16767  0.16767  0.16767  0.16767  0.16767  0.16767  0.16767  0.16767  0.16767  0.16767  0.16767  0.16767  0.16767  0.16767  0.16767  0.16767  0.16767  0.16767  0.16767  0.16767  0.16767  0.16767  0.16767  0.16767  0.16767  0.16767  0.16767  0.16767  0.16767  0.16767  0.16767  0.16767  0.16767  0.16767  0.16767  0.16767  0.16767  0.16767  0.16767  0.16767  0.16767  0.16767  0.16767  0.16767  0.16767  0.16767  0.16767  0.16767  0.16767  0.16767  0.16767  0.16767  0.16767  0.16767  0.16767  0.16767  0.16767  0.16767  0.16767  0.16767  0.16767 
 0.48500  1.00000  0.51120  0.36366  0.29053  0.24706  0.21948  0.20160  0.18990  0.18224  0.17721  0.17391  0.17175  0.17033  0.16940  0.16879  0.16839  0.16813  0.16796  0.16785  0.16778  0.16773  0.16770  0.16769  0.16768  0.16767  0.16767  0.16767  0.16767  0.16767  0.16767  0.16767  0.16767  0.16767  0.16767  0.16767  0.16767  0.16767  0.16767  0.16767  0.16767  0.16767  0.16767  0.16767  0.16767  0.16767  0.16767  0.16767  0.16767  0.16767  0.16767  0.16767  0.16767  0.16767  0.16767  0.16767  0.16767  0.16767  0.16767  0.16767  0.16767  0.16767  0.16767  0.16767  0.16767  0.16767  0.16767  0.16767  0.16767  0.16767  0.16767  0.16767  0.16767  0.16767  0.16767  0.16767  0.16767  0.16767  0.16767  0.16767  0.16767  0.16767  0.16767  0.16767  0.16767  0.16767  0.16767  0.16767  0.16767  0.16767  0.16767  0.16767  0.16767  0.16767  0.16767  0.16767  0.16767  0.16767  0.16767  0.16767  0.16767 
 0.49500  1.00000  0.51359  0.36474  0.29114  0.24743  0.21972  0.20175  0.19000  0.18230  0.17725  0.17394  0.17177  0.17034  0.16941  0.16880  0.16840  0.16813  0.16796  0.16785  0.16778  0.16773  0.16770  0.16769  0.16768  0.16767  0.16767  0.16767  0.16767  0.16767  0.16767  0.16767  0.16767  0.16767  0.16767  0.16767  0.16767  0.16767  0.16767  0.16767  0.16767  0.16767  0.16767  0.16767  0.16767  0.16767  0.16767  0.16767  0.16767  0.16767  0.16767  0.16767  0.16767  0.16767  0.16767  0.16767  0.16767  0.16767  0.16767  0.16767  0.16767  0.16767  0.16767  0.16767  0.16767  0.16767  0.16767  0.16767  0.16767  0.16767  0.16767  0.16767  0.16767  0.16767  0.16767  0.16767  0.16767  0.16767  0.16767  0.16767  0.16767  0.16767  0.16767  0.16767  0.16767  0.16767  0.16767  0.16767  0.16767  0.16767  0.16767  0.16767  0.16767  0.16767  0.16767  0.16767  0.16767  0.16767  0.16767  0.16767  0.16767 
 0.50500  1.00000  0.51370  0.36484  0.29120  0.24746  0.21974  0.20176  0.19000  0.18230  0.17725  0.17394  0.17177  0.17034  0.16941  0.16880  0.16840  0.16813  0.16796  0.16785  0.16778  0.16773  0.16770  0.16769  0.16768  0.16767  0.16767  0.16767  0.16767  0.16767  0.16767  0.16767  0.16767  0.16767  0.16767  0.16767  0.16767  0.16767  0.16767  0.16767  0.16767  0.16767  0.16767  0.16767  0.16767  0.16767  0.16767  0.16767  0.16767  0.16767  0.16767  0.16767  0.16767  0.16767  0.16767  0.16767  0.16767  0.16767  0.16767  0.16767  0.16767  0.16767  0.16767  0.16767  0.16767  0.16767  0.16767  0.16767  0.16767  0.16767  0.16767  0.16767  0.16767  0.16767  0.16767  0.16767  0.16767  0.16767  0.16767  0.16767  0.16767  0.16767  0.16767  0.16767  0.16767  0.16767  0.16767  0.16767  0.16767  0.16767  0.16767  0.16767  0.16767  0.16767  0.16767  0.16767  0.16767  0.16767  0.16767  0.16767  0.16767 
 0.51500  1.00000  0.51154  0.36398  0.29071  0.24716  0.21954  0.20162  0.18992  0.18224  0.17721  0.17391  0.17175  0.17033  0.16940  0.16879  0.16839  0.16813  0.16796  0.16785  0.16778  0.16773  0.16770  0.16769  0.16767  0.16767  0.16767  0.16767  0.16767  0.16767  0.16767  0.16767  0.16767  0.16767  0.16767  0.16767  0.16767  0.16767  0.16767  0.16767  0.16767  0.16767  0.16767  0.16767  0.16767  0.16767  0.16767  0.16767  0.16767  0.16767  0.16767  0.16767  0.16767  0.16767  0.16767  0.16767  0.16767  0.16767  0.16767  0.16767  0.16767  0.16767  0.16767  0.16767  0.16767  0.16767  0.16767  0.16767  0.16767  0.16767  0.16767  0.16767  0.16767  0.16767  0.16767  0.16767  0.16767  0.16767  0.16767  0.16767  0.16767  0.16767  0.16767  0.16767  0.16767  0.16767  0.16767  0.16767  0.16767  0.16767  0.16767  0.16767  0.16767  0.16767  0.16767  0.16767  0.16767  0.16767  0.16767  0.16767  0.16767 
 0.52500  1.00000  0.50713  0.36215  0.28968  0.24651  0.21912  0.20135  0.18973  0.18212  0.17713  0.17386  0.17171  0.17031  0.16938  0.16878  0.16839  0.16813  0.16796  0.16785  0.16778  0.16773  0.16770  0.16769  0.16767  0.16767  0.16767  0.16767  0.16767  0.16767  0.16767  0.16767  0.16767  0.16767  0.16767  0.16767  0.16767  0.16767  0.16767  0.16767  0.16767  0.16767  0.16767  0.16767  0.16767  0.16767  0.16767  0.16767  0.16767  0.16767  0.16767  0.16767  0.16767  0.16767  0.16767  0.16767  0.16767  0.16767  0.16767  0.16767  0.16767  0.16767  0.16767  0.16767  0.16767  0.16767  0.16767  0.16767  0.16767  0.16767  0.16767  0.16767  0.16767  0.16767  0.16767  0.16767  0.16767  0.16767  0.16767  0.16767  0.16767  0.16767  0.16767  0.16767  0.16767  0.16767  0.16767  0.16767  0.16767  0.16767  0.16767  0.16767  0.16767  0.16767  0.16767  0.16767  0.16767  0.16767  0.16767  0.16767  0.16767 
 0.53500  1.00000  0.50052  0.35936  0.28812  0.24553  0.21849  0.20093  0.18946  0.18194  0.17701  0.17378  0.17166  0.17027  0.16936  0.16877  0.16838  0.16812  0.16795  0.16785  0.16778  0.16773  0.16770  0.16768  0.16767  0.16767  0.16767  0.16767  0.16767  0.16767  0.16767  0.16767  0.16767  0.16767  0.16767  0.16767  0.16767  0.16767  0.16767  0.16767  0.16767  0.16767  0.16767  0.16767  0.16767  0.16767  0.16767  0.16767  0.16767  0.16767  0.16767  0.16767  0.16767  0.16767  0.16767  0.16767  0.16767  0.16767  0.16767  0.16767  0.16767  0.16767  0.16767  0.16767  0.16767  0.16767  0.16767  0.16767  0.16767  0.16767  0.16767  0.16767  0.16767  0.16767  0.16767  0.16767  0.16767  0.16767  0.16767  0.16767  0.16767  0.16767  0.16767  0.16767  0.16767  0.16767  0.16767  0.16767  0.16767  0.16767  0.16767  0.16767  0.16767  0.16767  0.16767  0.16767  0.16767  0.16767  0.16767  0.16767  0.16767 
 0.54500  1.00000  0.49180  0.35565  0.28602  0.24422  0.21764  0.20038  0.18909  0.18170  0.17685  0.17368  0.17159  0.17023  0.16933  0.16875  0.16836  0.16811  0.16795  0.16784  0.16777  0.16773  0.16770  0.16768  0.16767  0.16767  0.16767  0.16767  0.16767  0.16767  0.16767  0.16767  0.16767  0.16767  0.16767  0.16767  0.16767  0.16767  0.16767  0.16767  0.16767  0.16767  0.16767  0.16767  0.16767  0.16767  0.16767  0.16767  0.16767  0.16767  0.16767  0.16767  0.16767  0.16767  0.16767  0.16767  0.16767  0.16767  0.16767  0.16767  0.16767  0.16767  0.16767  0.16767  0.16767  0.16767  0.16767  0.16767  0.16767  0.16767  0.16767  0.16767  0.16767  0.16767  0.16767  0.16767  0.16767  0.16767  0.16767  0.16767  0.16767  0.16767  0.16767  0.16767  0.16767  0.16767  0.16767  0.16767  0.16767  0.16767  0.16767  0.16767  0.16767  0.16767  0.16767  0.16767  0.16767  0.16767  0.16767  0.16767  0.16767 
 0.55500  1.00000  0.48105  0.35102  0.28340  0.24259  0.21658  0.19968  0.18864  0.18140  0.17666  0.17355  0.17151  0.17017  0.16929  0.16872  0.16835  0.16810  0.16794  0.16784  0.16777  0.16773  0.16770  0.16768  0.16767  0.16767  0.16767  0.16767  0.16767  0.16767  0.16767  0.16767  0.16767  0.16767  0.16767  0.16767  0.16767  0.16767  0.16767  0.16767  0.16767  0.16767  0.16767  0.16767  0.16767  0.16767  0.16767  0.16767  0.16767  0.16767  0.16767  0.16767  0.16767  0.16767  0.16767  0.16767  0.16767  0.16767  0.16767  0.16767  0.16767  0.16767  0.16767  0.16767  0.16767  0.16767  0.16767  0.16767  0.16767  0.16767  0.16767  0.16767  0.16767  0.16767  0.16767  0.16767  0.16767  0.16767  0.16767  0.16767  0.16767  0.16767  0.16767  0.16767  0.16767  0.16767  0.16767  0.16767  0.16767  0.16767  0.16767  0.16767  0.16767  0.16767  0.16767  0.16767  0.16767  0.16767  0.16767  0.16767  0.16767 
 0.56500  1.00000  0.46840  0.34552  0.28027  0.24063  0.21532  0.19886  0.18810  0.18104  0.17642  0.17339  0.17141  0.17010  0.16925  0.16869  0.16833  0.16809  0.16793  0.16783  0.16777  0.16773  0.16770  0.16768  0.16767  0.16767  0.16767  0.16767  0.16767  0.16767  0.16767  0.16767  0.16767  0.16767  0.16767  0.16767  0.16767  0.16767  0.16767  0.16767  0.16767  0.16767  0.16767  0.16767  0.16767  0.16767  0.16767  0.16767  0.16767  0.16767  0.16767  0.16767  0.16767  0.16767  0.16767  0.16767  0.16767  0.16767  0.16767  0.16767  0.16767  0.16767  0.16767  0.16767  0.16767  0.16767  0.16767  0.16767  0.16767  0.16767  0.16767  0.16767  0.16767  0.16767  0.16767  0.16767  0.16767  0.16767  0.16767  0.16767  0.16767  0.16767  0.16767  0.16767  0.16767  0.16767  0.16767  0.16767  0.16767  0.16767  0.16767  0.16767  0.16767  0.16767  0.16767  0.16767  0.16767  0.16767  0.16767  0.16767  0.16767 
 0.57500  1.00000  0.45399  0.33917  0.27665  0.23837  0.21385  0.19790  0.18747  0.18063  0.17615  0.17321  0.17129  0.17003  0.16920  0.16866  0.16830  0.16807  0.16792  0.16783  0.16776  0.16772  0.16770  0.16768  0.16767  0.16767  0.16767  0.16767  0.16767  0.16767  0.16767  0.16767  0.16767  0.16767  0.16767  0.16767  0.16767  0.16767  0.16767  0.16767  0.16767  0.16767  0.16767  0.16767  0.16767  0.16767  0.16767  0.16767  0.16767  0.16767  0.16767  0.16767  0.16767  0.16767  0.16767  0.16767  0.16767  0.16767  0.16767  0.16767  0.16767  0.16767  0.16767  0.16767  0.16767  0.16767  0.16767  0.16767  0.16767  0.16767  0.16767  0.16767  0.16767  0.16767  0.16767  0.16767  0.16767  0.16767  0.16767  0.16767  0.16767  0.16767  0.16767  0.16767  0.16767  0.16767  0.16767  0.16767  0.16767  0.16767  0.16767  0.16767  0.16767  0.16767  0.16767  0.16767  0.16767  0.16767  0.16767  0.16767  0.16767 
 0.58500  1.00000  0.43798  0.33202  0.27256  0.23581  0.21219  0.19682  0.18676  0.18016  0.17584  0.17301  0.17116  0.16994  0.16914  0.16862  0.16828  0.16806  0.16791  0.16782  0.16776  0.16772  0.16769  0.16768  0.16767  0.16767  0.16767  0.16767  0.16767  0.16767  0.16767  0.16767  0.16767  0.16767  0.16767  0.16767  0.16767  0.16767  0.16767  0.16767  0.16767  0.16767  0.16767  0.16767  0.16767  0.16767  0.16767  0.16767  0.16767  0.16767  0.16767  0.16767  0.16767  0.16767  0.16767  0.16767  0.16767  0.16767  0.16767  0.16767  0.16767  0.16767  0.16767  0.16767  0.16767  0.16767  0.16767  0.16767  0.16767  0.16767  0.16767  0.16767  0.16767  0.16767  0.16767  0.16767  0.16767  0.16767  0.16767  0.16767  0.16767  0.16767  0.16767  0.16767  0.16767  0.16767  0.16767  0.16767  0.16767  0.16767  0.16767  0.16767  0.16767  0.16767  0.16767  0.16767  0.16767  0.16767  0.16767  0.16767  0.16767 
 0.59500  1.00000  0.42052  0.32412  0.26801  0.23296  0.21035  0.19561  0.18596  0.17964  0.17550  0.17279  0.17101  0.16984  0.16908  0.16858  0.16825  0.16804  0.16790  0.16781  0.16775  0.16772  0.16769  0.16768  0.16767  0.16767  0.16767  0.16767  0.16767  0.16767  0.16767  0.16767  0.16767  0.16767  0.16767  0.16767  0.16767  0.16767  0.16767  0.16767  0.16767  0.16767  0.16767  0.16767  0.16767  0.16767  0.16767  0.16767  0.16767  0.16767  0.16767  0.16767  0.16767  0.16767  0.16767  0.16767  0.16767  0.16767  0.16767  0.16767  0.16767  0.16767  0.16767  0.16767  0.16767  0.16767  0.16767  0.16767  0.16767  0.16767  0.16767  0.16767  0.16767  0.16767  0.16767  0.16767  0.16767  0.16767  0.16767  0.16767  0.16767  0.16767  0.16767  0.16767  0.16767  0.16767  0.16767  0.16767  0.16767  0.16767  0.16767  0.16767  0.16767  0.16767  0.16767  0.16767  0.16767  0.16767  0.16767  0.16767  0.16767 
 0.60500  0.00000  0.40180  0.31550  0.26304  0.22983  0.20832  0.19429  0.18510  0.17907  0.17513  0.17254  0.17085  0.16974  0.16901  0.16853  0.16822  0.16802  0.16789  0.16780  0.16775  0.16771  0.16769  0.16768  0.16767  0.16767  0.16767  0.16767  0.16767  0.16767  0.16767  0.16767  0.16767  0.16767  0.16767  0.16767  0.16767  0.16767  0.16767  0.16767  0.16767  0.16767  0.16767  0.16767  0.16767  0.16767  0.16767  0.16767  0.16767  0.16767  0.16767  0.16767  0.16767  0.16767  0.16767  0.16767  0.16767  0.16767  0.16767  0.16767  0.16767  0.16767  0.16767  0.16767  0.16767  0.16767  0.16767  0.16767  0.16767  0.16767  0.16767  0.16767  0.16767  0.16767  0.16767  0.16767  0.16767  0.16767  0.16767  0.16767  0.16767  0.16767  0.16767  0.16767  0.16767  0.16767  0.16767  0.16767  0.16767  0.16767  0.16767  0.16767  0.16767  0.16767  0.16767  0.16767  0.16767  0.16767  0.16767  0.16767  0.16767 
 0.61500  0.00000  0.38201  0.30623  0.25765  0.22644  0.20613  0.19285  0.18415  0.17845  0.17472  0.17227  0.17067  0.16962  0.16893  0.16848  0.16819  0.16800  0.16787  0.16779  0.16774  0.16771  0.16769  0.16768  0.16767  0.16767  0.16767  0.16767  0.16767  0.16767  0.16767  0.16767  0.16767  0.16767  0.16767  0.16767  0.16767  0.16767  0.16767  0.16767  0.16767  0.16767  0.16767  0.16767  0.16767  0.16767  0.16767  0.16767  0.16767  0.16767  0.16767  0.16767  0.16767  0.16767  0.16767  0.16767  0.16767  0.16767  0.16767  0.16767  0.16767  0.16767  0.16767  0.16767  0.16767  0.16767  0.16767  0.16767  0.16767  0.16767  0.16767  0.16767  0.16767  0.16767  0.16767  0.16767  0.16767  0.16767  0.16767  0.16767  0.16767  0.16767  0.16767  0.16767  0.16767  0.16767  0.16767  0.16767  0.16767  0.16767  0.16767  0.16767  0.16767  0.16767  0.16767  0.16767  0.16767  0.16767  0.16767  0.16767  0.16767 
 0.62500  0.00000  0.36133  0.29636  0.25189  0.22280  0.20377  0.19131  0.18314  0.17779  0.17428  0.17199  0.17048  0.16950  0.16885  0.16843  0.16815  0.16797  0.16786  0.16778  0.16773  0.16770  0.16768  0.16767  0.16767  0.16767  0.16767  0.16767  0.16767  0.16767  0.16767  0.16767  0.16767  0.16767  0.16767  0.16767  0.16767  0.16767  0.16767  0.16767  0.16767  0.16767  0.16767  0.16767  0.16767  0.16767  0.16767  0.16767  0.16767  0.16767  0.16767  0.16767  0.16767  0.16767  0.16767  0.16767  0.16767  0.16767  0.16767  0.16767  0.16767  0.16767  0.16767  0.16767  0.16767  0.16767  0.16767  0.16767  0.16767  0.16767  0.16767  0.16767  0.16767  0.16767  0.16767  0.16767  0.16767  0.16767  0.16767  0.16767  0.16767  0.16767  0.16767  0.16767  0.16767  0.16767  0.16767  0.16767  0.16767  0.16767  0.16767  0.16767  0.16767  0.16767  0.16767  0.16767  0.16767  0.16767  0.16767  0.16767  0.16767 
 0.63500  0.00000  0.33995  0.28595  0.24577  0.21894  0.20127  0.18967  0.18207  0.17709  0.17382  0.17168  0.17028  0.16937  0.16877  0.16837  0.16812  0.16795  0.16784  0.16777  0.16773  0.16770  0.16768  0.16767  0.16767  0.16767  0.16767  0.16767  0.16767  0.16767  0.16767  0.16767  0.16767  0.16767  0.16767  0.16767  0.16767  0.16767  0.16767  0.16767  0.16767  0.16767  0.16767  0.16767  0.16767  0.16767  0.16767  0.16767  0.16767  0.16767  0.16767  0.16767  0.16767  0.16767  0.16767  0.16767  0.16767  0.16767  0.16767  0.16767  0.16767  0.16767  0.16767  0.16767  0.16767  0.16767  0.16767  0.16767  0.16767  0.16767  0.16767  0.16767  0.16767  0.16767  0.16767  0.16767  0.16767  0.16767  0.16767  0.16767  0.16767  0.16767  0.16767  0.16767  0.16767  0.16767  0.16767  0.16767  0.16767  0.16767  0.16767  0.16767  0.16767  0.16767  0.16767  0.16767  0.16767  0.16767  0.16767  0.16767  0.16767 
 0.64500  0.00000  0.31806  0.27507  0.23932  0.21486  0.19862  0.18794  0.18093  0.17634  0.17333  0.17136  0.17007  0.16923  0.16867  0.16831  0.16808  0.16792  0.16782  0.16776  0.16772  0.16769  0.16768  0.16767  0.16766  0.16766  0.16766  0.16766  0.16766  0.16766  0.16766  0.16766  0.16766  0.16766  0.16766  0.16766  0.16766  0.16766  0.16766  0.16766  0.16766  0.16766  0.16766  0.16766  0.16766  0.16766  0.16766  0.16766  0.16766  0.16766  0.16766  0.16766  0.16766  0.16766  0.16766  0.16766  0.16766  0.16766  0.16766  0.16766  0.16766  0.16766  0.16766  0.16766  0.16766  0.16766  0.16766  0.16766  0.16766  0.16766  0.16766  0.16766  0.16766  0.16766  0.16766  0.16766  0.16766  0.16766  0.16766  0.16766  0.16766  0.16766  0.16766  0.16766  0.16766  0.16766  0.16766  0.16766  0.16766  0.16766  0.16766  0.16766  0.16766  0.16766  0.16766  0.16766  0.16766  0.16766  0.16766  0.16766  0.16766 
 0.65500  0.00000  0.29585  0.26376  0.23259  0.21058  0.19584  0.18612  0.17974  0.17556  0.17282  0.17102  0.16985  0.16908  0.16858  0.16825  0.16804  0.16790  0.16781  0.16775  0.16771  0.16769  0.16768  0.16767  0.16766  0.16766  0.16766  0.16766  0.16766  0.16766  0.16766  0.16766  0.16766  0.16766  0.16766  0.16766  0.16766  0.16766  0.16766  0.16766  0.16766  0.16766  0.16766  0.16766  0.16766  0.16766  0.16766  0.16766  0.16766  0.16766  0.16766  0.16766  0.16766  0.16766  0.16766  0.16766  0.16766  0.16766  0.16766  0.16766  0.16766  0.16766  0.16766  0.16766  0.16766  0.16766  0.16766  0.16766  0.16766  0.16766  0.16766  0.16766  0.16766  0.16766  0.16766  0.16766  0.16766  0.16766  0.16766  0.16766  0.16766  0.16766  0.16766  0.16766  0.16766  0.16766  0.16766  0.16766  0.16766  0.16766  0.16766  0.16766  0.16766  0.16766  0.16766  0.16766  0.16766  0.16766  0.16766  0.16766  0.16766 
 0.66500  0.00000  0.27349  0.25211  0.22559  0.20612  0.19295  0.18423  0.17850  0.17474  0.17228  0.17067  0.16962  0.16893  0.16848  0.16819  0.16799  0.16787  0.16779  0.16774  0.16770  0.16768  0.16767  0.16767  0.16766  0.16766  0.16766  0.16766  0.16766  0.16766  0.16766  0.16766  0.16766  0.16766  0.16766  0.16766  0.16766  0.16766  0.16766  0.16766  0.16766  0.16766  0.16766  0.16766  0.16766  0.16766  0.16766  0.16766  0.16766  0.16766  0.16766  0.16766  0.16766  0.16766  0.16766  0.16766  0.16766  0.16766  0.16766  0.16766  0.16766  0.16766  0.16766  0.16766  0.16766  0.16766  0.16766  0.16766  0.16766  0.16766  0.16766  0.16766  0.16766  0.16766  0.16766  0.16766  0.16766  0.16766  0.16766  0.16766  0.16766  0.16766  0.16766  0.16766  0.16766  0.16766  0.16766  0.16766  0.16766  0.16766  0.16766  0.16766  0.16766  0.16766  0.16766  0.16766  0.16766  0.16766  0.16766  0.16766  0.16766 
 0.67500  0.00000  0.25116  0.24018  0.21836  0.20151  0.18995  0.18226  0.17721  0.17390  0.17173  0.17031  0.16938  0.16877  0.16838  0.16812  0.16795  0.16784  0.16777  0.16772  0.16770  0.16768  0.16767  0.16766  0.16766  0.16766  0.16766  0.16766  0.16766  0.16766  0.16766  0.16766  0.16766  0.16766  0.16766  0.16766  0.16766  0.16766  0.16766  0.16766  0.16766  0.16766  0.16766  0.16766  0.16766  0.16766  0.16766  0.16766  0.16766  0.16766  0.16766  0.16766  0.16766  0.16766  0.16766  0.16766  0.16766  0.16766  0.16766  0.16766  0.16766  0.16766  0.16766  0.16766  0.16766  0.16766  0.16766  0.16766  0.16766  0.16766  0.16766  0.16766  0.16766  0.16766  0.16766  0.16766  0.16766  0.16766  0.16766  0.16766  0.16766  0.16766  0.16766  0.16766  0.16766  0.16766  0.16766  0.16766  0.16766  0.16766  0.16766  0.16766  0.16766  0.16766  0.16766  0.16766  0.16766  0.16766  0.16766  0.16766  0.16766 
 0.68500  0.00000  0.22900  0.22802  0.21094  0.19676  0.18685  0.18024  0.17588  0.17302  0.17115  0.16993  0.16913  0.16861  0.16827  0.16805  0.16790  0.16781  0.16775  0.16771  0.16769  0.16767  0.16767  0.16766  0.16766  0.16766  0.16766  0.16766  0.16766  0.16766  0.16766  0.16766  0.16766  0.16766  0.16766  0.16766  0.16766  0.16766  0.16766  0.16766  0.16766  0.16766  0.16766  0.16766  0.16766  0.16766  0.16766  0.16766  0.16766  0.16766  0.16766  0.16766  0.16766  0.16766  0.16766  0.16766  0.16766  0.16766  0.16766  0.16766  0.16766  0.16766  0.16766  0.16766  0.16766  0.16766  0.16766  0.16766  0.16766  0.16766  0.16766  0.16766  0.16766  0.16766  0.16766  0.16766  0.16766  0.16766  0.16766  0.16766  0.16766  0.16766  0.16766  0.16766  0.16766  0.16766  0.16766  0.16766  0.16766  0.16766  0.16766  0.16766  0.16766  0.16766  0.16766  0.16766  0.16766  0.16766  0.16766  0.16766  0.16766 
 0.69500  0.00000  0.20716  0.21570  0.20335  0.19189  0.18368  0.17816  0.17452  0.17213  0.17057  0.16955  0.16888  0.16844  0.16816  0.16798  0.16786  0.16778  0.16773  0.16770  0.16768  0.16767  0.16766  0.16766  0.16766  0.16766  0.16766  0.16766  0.16766  0.16766  0.16766  0.16766  0.16766  0.16766  0.16766  0.16766  0.16766  0.16766  0.16766  0.16766  0.16766  0.16766  0.16766  0.16766  0.16766  0.16766  0.16766  0.16766  0.16766  0.16766  0.16766  0.16766  0.16766  0.16766  0.16766  0.16766  0.16766  0.16766  0.16766  0.16766  0.16766  0.16766  0.16766  0.16766  0.16766  0.16766  0.16766  0.16766  0.16766  0.16766  0.16766  0.16766  0.16766  0.16766  0.16766  0.16766  0.16766  0.16766  0.16766  0.16766  0.16766  0.16766  0.16766  0.16766  0.16766  0.16766  0.16766  0.16766  0.16766  0.16766  0.16766  0.16766  0.16766  0.16766  0.16766  0.16766  0.16766  0.16766  0.16766  0.16766  0.16766 
 0.70500  0.00000  0.18578  0.20330  0.19564  0.18692  0.18044  0.17604  0.17313  0.17122  0.16997  0.16915  0.16862  0.16828  0.16805  0.16790  0.16781  0.16775  0.16771  0.16769  0.16767  0.16766  0.16766  0.16766  0.16766  0.16766  0.16766  0.16766  0.16766  0.16766  0.16766  0.16766  0.16766  0.16766  0.16766  0.16766  0.16766  0.16766  0.16766  0.16766  0.16766  0.16766  0.16766  0.16766  0.16766  0.16766  0.16766  0.16766  0.16766  0.16766  0.16766  0.16766  0.16766  0.16766  0.16766  0.16766  0.16766  0.16766  0.16766  0.16766  0.16766  0.16766  0.16766  0.16766  0.16766  0.16766  0.16766  0.16766  0.16766  0.16766  0.16766  0.16766  0.16766  0.16766  0.16766  0.16766  0.16766  0.16766  0.16766  0.16766  0.16766  0.16766  0.16766  0.16766  0.16766  0.16766  0.16766  0.16766  0.16766  0.16766  0.16766  0.16766  0.16766  0.16766  0.16766  0.16766  0.16766  0.16766  0.16766  0.16766  0.16766 
 0.71500  0.00000  0.17010  0.19397  0.18979  0.18315  0.17798  0.17442  0.17207  0.17052  0.16951  0.16885  0.16842  0.16815  0.16797  0.16785  0.16777  0.16772  0.16769  0.16768  0.16766  0.16766  0.16765  0.16765  0.16765  0.16766  0.16766  0.16766  0.16766  0.16766  0.16766  0.16766  0.16766  0.16766  0.16766  0.16766  0.16766  0.16766  0.16766  0.16766  0.16766  0.16766  0.16766  0.16766  0.16766  0.16766  0.16766  0.16766  0.16766  0.16766  0.16766  0.16766  0.16766  0.16766  0.16766  0.16766  0.16766  0.16766  0.16766  0.16766  0.16766  0.16766  0.16766  0.16766  0.16766  0.16766  0.16766  0.16766  0.16766  0.16766  0.16766  0.16766  0.16766  0.16766  0.16766  0.16766  0.16766  0.16766  0.16766  0.16766  0.16766  0.16766  0.16766  0.16766  0.16766  0.16766  0.16766  0.16766  0.16766  0.16766  0.16766  0.16766  0.16766  0.16766  0.16766  0.16766  0.16766  0.16766  0.16766  0.16766  0.16766 
 0.72500  0.00000  0.15507  0.18465  0.18388  0.17931  0.17547  0.17278  0.17099  0.16981  0.16905  0.16855  0.16823  0.16802  0.16788  0.16779  0.16774  0.16770  0.16768  0.16766  0.16766  0.16765  0.16765  0.16765  0.16765  0.16765  0.16766  0.16766  0.16766  0.16766  0.16766  0.16766  0.16766  0.16766  0.16766  0.16766  0.16766  0.16766  0.16766  0.16766  0.16766  0.16766  0.16766  0.16766  0.16766  0.16766  0.16766  0.16766  0.16766  0.16766  0.16766  0.16766  0.16766  0.16766  0.16766  0.16766  0.16766  0.16766  0.16766  0.16766  0.16766  0.16766  0.16766  0.16766  0.16766  0.16766  0.16766  0.16766  0.16766  0.16766  0.16766  0.16766  0.16766  0.16766  0.16766  0.16766  0.16766  0.16766  0.16766  0.16766  0.16766  0.16766  0.16766  0.16766  0.16766  0.16766  0.16766  0.16766  0.16766  0.16766  0.16766  0.16766  0.16766  0.16766  0.16766  0.16766  0.16766  0.16766  0.16766  0.16766  0.16766 
 0.73500  0.00000  0.14075  0.17540  0.17793  0.17543  0.17293  0.17112  0.16990  0.16910  0.16858  0.16824  0.16802  0.16788  0.16779  0.16773  0.16770  0.16768  0.16766  0.16765  0.16765  0.16765  0.16765  0.16765  0.16765  0.16765  0.16766  0.16766  0.16766  0.16766  0.16766  0.16766  0.16766  0.16766  0.16766  0.16766  0.16766  0.16766  0.16766  0.16766  0.16766  0.16766  0.16766  0.16766  0.16766  0.16766  0.16766  0.16766  0.16766  0.16766  0.16766  0.16766  0.16766  0.16766  0.16766  0.16766  0.16766  0.16766  0.16766  0.16766  0.16766  0.16766  0.16766  0.16766  0.16766  0.16766  0.16766  0.16766  0.16766  0.16766  0.16766  0.16766  0.16766  0.16766  0.16766  0.16766  0.16766  0.16766  0.16766  0.16766  0.16766  0.16766  0.16766  0.16766  0.16766  0.16766  0.16766  0.16766  0.16766  0.16766  0.16766  0.16766  0.16766  0.16766  0.16766  0.16766  0.16766  0.16766  0.16766  0.16766  0.16766 
 0.74500  0.00000  0.12721  0.16624  0.17196  0.17153  0.17037  0.16944  0.16880  0.16837  0.16810  0.16793  0.16782  0.16775  0.16770  0.16768  0.16766  0.16765  0.16765  0.16764  0.16764  0.16764  0.16765  0.16765  0.16765  0.16765  0.16765  0.16766  0.16766  0.16766  0.16766  0.16766  0.16766  0.16766  0.16766  0.16766  0.16766  0.16766  0.16766  0.16766  0.16766  0.16766  0.16766  0.16766  0.16766  0.16766  0.16766  0.16766  0.16766  0.16766  0.16766  0.16766  0.16766  0.16766  0.16766  0.16766  0.16766  0.16766  0.16766  0.16766  0.16766  0.16766  0.16766  0.16766  0.16766  0.16766  0.16766  0.16766  0.16766  0.16766  0.16766  0.16766  0.16766  0.16766  0.16766  0.16766  0.16766  0.16766  0.16766  0.16766  0.16766  0.16766  0.16766  0.16766  0.16766  0.16766  0.16766  0.16766  0.16766  0.16766  0.16766  0.16766  0.16766  0.16766  0.16766  0.16766  0.16766  0.16766  0.16766  0.16766  0.16766 
 0.75500  0.00000  0.11446  0.15722  0.16600  0.16761  0.16780  0.16775  0.16769  0.16765  0.16763  0.16762  0.16761  0.16761  0.16762  0.16762  0.16762  0.16763  0.16763  0.16763  0.16764  0.16764  0.16764  0.16765  0.16765  0.16765  0.16765  0.16766  0.16766  0.16766  0.16766  0.16766  0.16766  0.16766  0.16766  0.16766  0.16766  0.16766  0.16766  0.16766  0.16766  0.16766  0.16766  0.16766  0.16766  0.16766  0.16766  0.16766  0.16766  0.16766  0.16766  0.16766  0.16766  0.16766  0.16766  0.16766  0.16766  0.16766  0.16766  0.16766  0.16766  0.16766  0.16766  0.16766  0.16766  0.16766  0.16766  0.16766  0.16766  0.16766  0.16766  0.16766  0.16766  0.16766  0.16766  0.16766  0.16766  0.16766  0.16766  0.16766  0.16766  0.16766  0.16766  0.16766  0.16766  0.16766  0.16766  0.16766  0.16766  0.16766  0.16766  0.16766  0.16766  0.16766  0.16766  0.16766  0.16766  0.16766  0.16766  0.16766  0.16766 
 0.76500  0.00000  0.10255  0.14838  0.16007  0.16370  0.16523  0.16606  0.16658  0.16692  0.16715  0.16730  0.16741  0.16748  0.16753  0.16756  0.16758  0.16760  0.16761  0.16762  0.16763  0.16764  0.16764  0.16764  0.16765  0.16765  0.16765  0.16766  0.16766  0.16766  0.16766  0.16766  0.16766  0.16766  0.16766  0.16766  0.16766  0.16766  0.16766  0.16766  0.16766  0.16766  0.16766  0.16766  0.16766  0.16766  0.16766  0.16766  0.16766  0.16766  0.16766  0.16766  0.16766  0.16766  0.16766  0.16766  0.16766  0.16766  0.16766  0.16766  0.16766  0.16766  0.16766  0.16766  0.16766  0.16766  0.16766  0.16766  0.16766  0.16766  0.16766  0.16766  0.16766  0.16766  0.16766  0.16766  0.16766  0.16766  0.16766  0.16766  0.16766  0.16766  0.16766  0.16766  0.16766  0.16766  0.16766  0.16766  0.16766  0.16766  0.16766  0.16766  0.16766  0.16766  0.16766  0.16766  0.16766  0.16766  0.16766  0.16766  0.16766 
 0.77500  0.00000  0.09148  0.13974  0.15420  0.15981  0.16267  0.16438  0.16548  0.16620  0.16667  0.16699  0.16720  0.16735  0.16744  0.16750  0.16755  0.16758  0.16760  0.16761  0.16762  0.16763  0.16764  0.16764  0.16765  0.16765  0.16765  0.16766  0.16766  0.16766  0.16766  0.16766  0.16766  0.16766  0.16766  0.16766  0.16766  0.16766  0.16766  0.16766  0.16766  0.16766  0.16766  0.16766  0.16766  0.16766  0.16766  0.16766  0.16766  0.16766  0.16766  0.16766  0.16766  0.16766  0.16766  0.16766  0.16766  0.16766  0.16766  0.16766  0.16766  0.16766  0.16766  0.16766  0.16766  0.16766  0.16766  0.16766  0.16766  0.16766  0.16766  0.16766  0.16766  0.16766  0.16766  0.16766  0.16766  0.16766  0.16766  0.16766  0.16766  0.16766  0.16766  0.16766  0.16766  0.16766  0.16766  0.16766  0.16766  0.16766  0.16766  0.16766  0.16766  0.16766  0.16766  0.16766  0.16766  0.16766  0.16766  0.16766  0.16766 
 0.78500  0.00000  0.08124  0.13135  0.14842  0.15596  0.16013  0.16271  0.16438  0.16548  0.16620  0.16668  0.16700  0.16721  0.16735  0.16745  0.16751  0.16755  0.16758  0.16760  0.16762  0.16763  0.16763  0.16764  0.16764  0.16765  0.16765  0.16766  0.16766  0.16766  0.16766  0.16766  0.16766  0.16766  0.16766  0.16766  0.16766  0.16766  0.16766  0.16766  0.16766  0.16766  0.16766  0.16766  0.16766  0.16766  0.16766  0.16766  0.16766  0.16766  0.16766  0.16766  0.16766  0.16766  0.16766  0.16766  0.16766  0.16766  0.16766  0.16766  0.16766  0.16766  0.16766  0.16766  0.16766  0.16766  0.16766  0.16766  0.16766  0.16766  0.16766  0.16766  0.16766  0.16766  0.16766  0.16766  0.16766  0.16766  0.16766  0.16766  0.16766  0.16766  0.16766  0.16766  0.16766  0.16766  0.16766  0.16766  0.16766  0.16766  0.16766  0.16766  0.16766  0.16766  0.16766  0.16766  0.16766  0.16766  0.16766  0.16766  0.16766 
 0.79500  0.00000  0.07184  0.12322  0.14274  0.15216  0.15762  0.16106  0.16330  0.16477  0.16574  0.16638  0.16680  0.16708  0.16727  0.16739  0.16747  0.16753  0.16757  0.16759  0.16761  0.16762  0.16763  0.16764  0.16764  0.16765  0.16765  0.16765  0.16766  0.16766  0.16766  0.16766  0.16766  0.16766  0.16766  0.16766  0.16766  0.16766  0.16766  0.16766  0.16766  0.16766  0.16766  0.16766  0.16766  0.16766  0.16766  0.16766  0.16766  0.16766  0.16766  0.16766  0.16766  0.16766  0.16766  0.16766  0.16766  0.16766  0.16766  0.16766  0.16766  0.16766  0.16766  0.16766  0.16766  0.16766  0.16766  0.16766  0.16766  0.16766  0.16766  0.16766  0.16766  0.16766  0.16766  0.16766  0.16766  0.16766  0.16766  0.16766  0.16766  0.16766  0.16766  0.16766  0.16766  0.16766  0.16766  0.16766  0.16766  0.16766  0.16766  0.16766  0.16766  0.16766  0.16766  0.16766  0.16766  0.16766  0.16766  0.16766  0.16766 
 0.80500  0.00000  0.06324  0.11538  0.13718  0.14843  0.15516  0.15944  0.16224  0.16407  0.16528  0.16608  0.16660  0.16695  0.16718  0.16733  0.16744  0.16750  0.16755  0.16758  0.16760  0.16762  0.16763  0.16764  0.16764  0.16765  0.16765  0.16765  0.16766  0.16766  0.16766  0.16766  0.16766  0.16766  0.16766  0.16766  0.16766  0.16766  0.16766  0.16766  0.16766  0.16766  0.16766  0.16766  0.16766  0.16766  0.16766  0.16766  0.16766  0.16766  0.16766  0.16766  0.16766  0.16766  0.16766  0.16766  0.16766  0.16766  0.16766  0.16766  0.16766  0.16766  0.16766  0.16766  0.16766  0.16766  0.16766  0.16766  0.16766  0.16766  0.16766  0.16766  0.16766  0.16766  0.16766  0.16766  0.16766  0.16766  0.16766  0.16766  0.16766  0.16766  0.16766  0.16766  0.16766  0.16766  0.16766  0.16766  0.16766  0.16766  0.16766  0.16766  0.16766  0.16766  0.16766  0.16766  0.16766  0.16766  0.16766  0.16766  0.16766 
 0.81500  0.00000  0.05543  0.10785  0.13177  0.14478  0.15274  0.15786  0.16120  0.16339  0.16483  0.16578  0.16641  0.16683  0.16710  0.16728  0.16740  0.16748  0.16753  0.16757  0.16760  0.16761  0.16763  0.16763  0.16764  0.16765  0.16765  0.16765  0.16766  0.16766  0.16766  0.16766  0.16766  0.16766  0.16766  0.16766  0.16766  0.16766  0.16766  0.16766  0.16766  0.16766  0.16766  0.16766  0.16766  0.16766  0.16766  0.16766  0.16766  0.16766  0.16766  0.16766  0.16766  0.16766  0.16766  0.16766  0.16766  0.16766  0.16766  0.16766  0.16766  0.16766  0.16766  0.16766  0.16766  0.16766  0.16766  0.16766  0.16766  0.16766  0.16766  0.16766  0.16766  0.16766  0.16766  0.16766  0.16766  0.16766  0.16766  0.16766  0.16766  0.16766  0.16766  0.16766  0.16766  0.16766  0.16766  0.16766  0.16766  0.16766  0.16766  0.16766  0.16766  0.16766  0.16766  0.16766  0.16766  0.16766  0.16766  0.16766  0.16766 
 0.82500  0.00000  0.04837  0.10066  0.12653  0.14123  0.15039  0.15631  0.16018  0.16272  0.16440  0.16550  0.16622  0.16670  0.16702  0.16723  0.16737  0.16746  0.16752  0.16756  0.16759  0.16761  0.16762  0.16763  0.16764  0.16765  0.16765  0.16765  0.16766  0.16766  0.16766  0.16766  0.16766  0.16766  0.16766  0.16766  0.16766  0.16766  0.16766  0.16766  0.16766  0.16766  0.16766  0.16766  0.16766  0.16766  0.16766  0.16766  0.16766  0.16766  0.16766  0.16766  0.16766  0.16766  0.16766  0.16766  0.16766  0.16766  0.16766  0.16766  0.16766  0.16766  0.16766  0.16766  0.16766  0.16766  0.16766  0.16766  0.16766  0.16766  0.16766  0.16766  0.16766  0.16766  0.16766  0.16766  0.16766  0.16766  0.16766  0.16766  0.16766  0.16766  0.16766  0.16766  0.16766  0.16766  0.16766  0.16766  0.16766  0.16766  0.16766  0.16766  0.16766  0.16766  0.16766  0.16766  0.16766  0.16766  0.16766  0.16766  0.16766 
 0.83500  0.00000  0.04203  0.09382  0.12148  0.13780  0.14812  0.15481  0.15920  0.16208  0.16397  0.16522  0.16604  0.16658  0.16694  0.16718  0.16733  0.16744  0.16751  0.16755  0.16758  0.16760  0.16762  0.16763  0.16764  0.16764  0.16765  0.16765  0.16766  0.16766  0.16766  0.16766  0.16766  0.16766  0.16766  0.16766  0.16766  0.16766  0.16766  0.16766  0.16766  0.16766  0.16766  0.16766  0.16766  0.16766  0.16766  0.16766  0.16766  0.16766  0.16766  0.16766  0.16766  0.16766  0.16766  0.16766  0.16766  0.16766  0.16766  0.16766  0.16766  0.16766  0.16766  0.16766  0.16766  0.16766  0.16766  0.16766  0.16766  0.16766  0.16766  0.16766  0.16766  0.16766  0.16766  0.16766  0.16766  0.16766  0.16766  0.16766  0.16766  0.16766  0.16766  0.16766  0.16766  0.16766  0.16766  0.16766  0.16766  0.16766  0.16766  0.16766  0.16766  0.16766  0.16766  0.16766  0.16766  0.16766  0.16766  0.16766  0.16766 
 0.84500  0.00000  0.03636  0.08734  0.11662  0.13449  0.14592  0.15336  0.15825  0.16145  0.16356  0.16495  0.16587  0.16647  0.16687  0.16713  0.16730  0.16742  0.16749  0.16754  0.16758  0.16760  0.16762  0.16763  0.16764  0.16764  0.16765  0.16765  0.16766  0.16766  0.16766  0.16766  0.16766  0.16766  0.16766  0.16766  0.16766  0.16766  0.16766  0.16766  0.16766  0.16766  0.16766  0.16766  0.16766  0.16766  0.16766  0.16766  0.16766  0.16766  0.16766  0.16766  0.16766  0.16766  0.16766  0.16766  0.16766  0.16766  0.16766  0.16766  0.16766  0.16766  0.16766  0.16766  0.16766  0.16766  0.16766  0.16766  0.16766  0.16766  0.16766  0.16766  0.16766  0.16766  0.16766  0.16766  0.16766  0.16766  0.16766  0.16766  0.16766  0.16766  0.16766  0.16766  0.16766  0.16766  0.16766  0.16766  0.16766  0.16766  0.16766  0.16766  0.16766  0.16766  0.16766  0.16766  0.16766  0.16766  0.16766  0.16766  0.16766 
 0.85500  0.00000  0.03133  0.08124  0.11200  0.13132  0.14381  0.15198  0.15734  0.16086  0.16317  0.16470  0.16570  0.16636  0.16679  0.16708  0.16727  0.16739  0.16748  0.16753  0.16757  0.16760  0.16762  0.16763  0.16764  0.16764  0.16765  0.16765  0.16765  0.16765  0.16765  0.16765  0.16765  0.16765  0.16765  0.16765  0.16765  0.16765  0.16765  0.16765  0.16765  0.16765  0.16765  0.16765  0.16765  0.16765  0.16765  0.16765  0.16765  0.16765  0.16765  0.16765  0.16765  0.16765  0.16765  0.16765  0.16765  0.16765  0.16765  0.16765  0.16765  0.16765  0.16765  0.16765  0.16765  0.16765  0.16765  0.16765  0.16765  0.16765  0.16765  0.16765  0.16765  0.16765  0.16765  0.16765  0.16765  0.16765  0.16765  0.16765  0.16765  0.16765  0.16765  0.16765  0.16765  0.16765  0.16765  0.16765  0.16765  0.16765  0.16765  0.16765  0.16765  0.16765  0.16765  0.16765  0.16765  0.16765  0.16765  0.16765  0.16765 
 0.86500  0.00000  0.02688  0.07552  0.10760  0.12830  0.14180  0.15066  0.15647  0.16029  0.16280  0.16445  0.16554  0.16625  0.16672  0.16704  0.16724  0.16738  0.16747  0.16753  0.16757  0.16759  0.16761  0.16763  0.16764  0.16764  0.16765  0.16765  0.16765  0.16765  0.16765  0.16765  0.16765  0.16765  0.16765  0.16765  0.16765  0.16765  0.16765  0.16765  0.16765  0.16765  0.16765  0.16765  0.16765  0.16765  0.16765  0.16765  0.16765  0.16765  0.16765  0.16765  0.16765  0.16765  0.16765  0.16765  0.16765  0.16765  0.16765  0.16765  0.16765  0.16765  0.16765  0.16765  0.16765  0.16765  0.16765  0.16765  0.16765  0.16765  0.16765  0.16765  0.16765  0.16765  0.16765  0.16765  0.16765  0.16765  0.16765  0.16765  0.16765  0.16765  0.16765  0.16765  0.16765  0.16765  0.16765  0.16765  0.16765  0.16765  0.16765  0.16765  0.16765  0.16765  0.16765  0.16765  0.16765  0.16765  0.16765  0.16765  0.16765 
 0.87500  0.00000  0.02297  0.07020  0.10347  0.12545  0.13990  0.14940  0.15565  0.15975  0.16245  0.16422  0.16539  0.16615  0.16666  0.16699  0.16721  0.16736  0.16745  0.16752  0.16756  0.16759  0.16761  0.16762  0.16763  0.16764  0.16765  0.16765  0.16765  0.16765  0.16765  0.16765  0.16765  0.16765  0.16765  0.16765  0.16765  0.16765  0.16765  0.16765  0.16765  0.16765  0.16765  0.16765  0.16765  0.16765  0.16765  0.16765  0.16765  0.16765  0.16765  0.16765  0.16765  0.16765  0.16765  0.16765  0.16765  0.16765  0.16765  0.16765  0.16765  0.16765  0.16765  0.16765  0.16765  0.16765  0.16765  0.16765  0.16765  0.16765  0.16765  0.16765  0.16765  0.16765  0.16765  0.16765  0.16765  0.16765  0.16765  0.16765  0.16765  0.16765  0.16765  0.16765  0.16765  0.16765  0.16765  0.16765  0.16765  0.16765  0.16765  0.16765  0.16765  0.16765  0.16765  0.16765  0.16765  0.16765  0.16765  0.16765  0.16765 
 0.88500  0.00000  0.01956  0.06527  0.09959  0.12277  0.13812  0.14823  0.15487  0.15924  0.16212  0.16400  0.16524  0.16606  0.16660  0.16695  0.16719  0.16734  0.16744  0.16751  0.16756  0.16759  0.16761  0.16762  0.16763  0.16764  0.16765  0.16765  0.16765  0.16765  0.16765  0.16765  0.16765  0.16765  0.16765  0.16765  0.16765  0.16765  0.16765  0.16765  0.16765  0.16765  0.16765  0.16765  0.16765  0.16765  0.16765  0.16765  0.16765  0.16765  0.16765  0.16765  0.16765  0.16765  0.16765  0.16765  0.16765  0.16765  0.16765  0.16765  0.16765  0.16765  0.16765  0.16765  0.16765  0.16765  0.16765  0.16765  0.16765  0.16765  0.16765  0.16765  0.16765  0.16765  0.16765  0.16765  0.16765  0.16765  0.16765  0.16765  0.16765  0.16765  0.16765  0.16765  0.16765  0.16765  0.16765  0.16765  0.16765  0.16765  0.16765  0.16765  0.16765  0.16765  0.16765  0.16765  0.16765  0.16765  0.16765  0.16765  0.16765 
 0.89500  0.00000  0.01660  0.06075  0.09600  0.12028  0.13646  0.14713  0.15416  0.15877  0.16181  0.16380  0.16511  0.16597  0.16654  0.16692  0.16716  0.16732  0.16743  0.16750  0.16755  0.16758  0.16761  0.16762  0.16763  0.16764  0.16765  0.16765  0.16765  0.16765  0.16765  0.16765  0.16765  0.16765  0.16765  0.16765  0.16765  0.16765  0.16765  0.16765  0.16765  0.16765  0.16765  0.16765  0.16765  0.16765  0.16765  0.16765  0.16765  0.16765  0.16765  0.16765  0.16765  0.16765  0.16765  0.16765  0.16765  0.16765  0.16765  0.16765  0.16765  0.16765  0.16765  0.16765  0.16765  0.16765  0.16765  0.16765  0.16765  0.16765  0.16765  0.16765  0.16765  0.16765  0.16765  0.16765  0.16765  0.16765  0.16765  0.16765  0.16765  0.16765  0.16765  0.16765  0.16765  0.16765  0.16765  0.16765  0.16765  0.16765  0.16765  0.16765  0.16765  0.16765  0.16765  0.16765  0.16765  0.16765  0.16765  0.16765  0.16765 
 0.90500  0.00000  0.01405  0.05664  0.09270  0.11798  0.13492  0.14612  0.15349  0.15834  0.16152  0.16362  0.16499  0.16589  0.16649  0.16688  0.16714  0.16731  0.16742  0.16750  0.16755  0.16758  0.16760  0.16762  0.16763  0.16764  0.16765  0.16765  0.16765  0.16765  0.16765  0.16765  0.16765  0.16765  0.16765  0.16765  0.16765  0.16765  0.16765  0.16765  0.16765  0.16765  0.16765  0.16765  0.16765  0.16765  0.16765  0.16765  0.16765  0.16765  0.16765  0.16765  0.16765  0.16765  0.16765  0.16765  0.16765  0.16765  0.16765  0.16765  0.16765  0.16765  0.16765  0.16765  0.16765  0.16765  0.16765  0.16765  0.16765  0.16765  0.16765  0.16765  0.16765  0.16765  0.16765  0.16765  0.16765  0.16765  0.16765  0.16765  0.16765  0.16765  0.16765  0.16765  0.16765  0.16765  0.16765  0.16765  0.16765  0.16765  0.16765  0.16765  0.16765  0.16765  0.16765  0.16765  0.16765  0.16765  0.16765  0.16765  0.16765 
 0.91500  0.00000  0.01187  0.05294  0.08969  0.11589  0.13353  0.14520  0.15289  0.15794  0.16126  0.16345  0.16488  0.16582  0.16644  0.16685  0.16712  0.16730  0.16741  0.16749  0.16754  0.16758  0.16760  0.16762  0.16763  0.16764  0.16765  0.16765  0.16765  0.16765  0.16765  0.16765  0.16765  0.16765  0.16765  0.16765  0.16765  0.16765  0.16765  0.16765  0.16765  0.16765  0.16765  0.16765  0.16765  0.16765  0.16765  0.16765  0.16765  0.16765  0.16765  0.16765  0.16765  0.16765  0.16765  0.16765  0.16765  0.16765  0.16765  0.16765  0.16765  0.16765  0.16765  0.16765  0.16765  0.16765  0.16765  0.16765  0.16765  0.16765  0.16765  0.16765  0.16765  0.16765  0.16765  0.16765  0.16765  0.16765  0.16765  0.16765  0.16765  0.16765  0.16765  0.16765  0.16765  0.16765  0.16765  0.16765  0.16765  0.16765  0.16765  0.16765  0.16765  0.16765  0.16765  0.16765  0.16765  0.16765  0.16765  0.16765  0.16765 
 0.92500  0.00000  0.01003  0.04965  0.08700  0.11401  0.13227  0.14437  0.15235  0.15759  0.16103  0.16329  0.16478  0.16576  0.16640  0.16682  0.16710  0.16728  0.16741  0.16749  0.16754  0.16758  0.16760  0.16762  0.16763  0.16764  0.16765  0.16765  0.16765  0.16765  0.16765  0.16765  0.16765  0.16765  0.16765  0.16765  0.16765  0.16765  0.16765  0.16765  0.16765  0.16765  0.16765  0.16765  0.16765  0.16765  0.16765  0.16765  0.16765  0.16765  0.16765  0.16765  0.16765  0.16765  0.16765  0.16765  0.16765  0.16765  0.16765  0.16765  0.16765  0.16765  0.16765  0.16765  0.16765  0.16765  0.16765  0.16765  0.16765  0.16765  0.16765  0.16765  0.16765  0.16765  0.16765  0.16765  0.16765  0.16765  0.16765  0.16765  0.16765  0.16765  0.16765  0.16765  0.16765  0.16765  0.16765  0.16765  0.16765  0.16765  0.16765  0.16765  0.16765  0.16765  0.16765  0.16765  0.16765  0.16765  0.16765  0.16765  0.16765 
 0.93500  0.00000  0.00850  0.04678  0.08463  0.11235  0.13116  0.14364  0.15187  0.15727  0.16083  0.16316  0.16469  0.16570  0.16636  0.16680  0.16708  0.16727  0.16740  0.16748  0.16754  0.16757  0.16760  0.16762  0.16763  0.16764  0.16765  0.16765  0.16765  0.16765  0.16765  0.16765  0.16765  0.16765  0.16765  0.16765  0.16765  0.16765  0.16765  0.16765  0.16765  0.16765  0.16765  0.16765  0.16765  0.16765  0.16765  0.16765  0.16765  0.16765  0.16765  0.16765  0.16765  0.16765  0.16765  0.16765  0.16765  0.16765  0.16765  0.16765  0.16765  0.16765  0.16765  0.16765  0.16765  0.16765  0.16765  0.16765  0.16765  0.16765  0.16765  0.16765  0.16765  0.16765  0.16765  0.16765  0.16765  0.16765  0.16765  0.16765  0.16765  0.16765  0.16765  0.16765  0.16765  0.16765  0.16765  0.16765  0.16765  0.16765  0.16765  0.16765  0.16765  0.16765  0.16765  0.16765  0.16765  0.16765  0.16765  0.16765  0.16765 
 0.94500  0.00000  0.00724  0.04431  0.08258  0.11091  0.13020  0.14301  0.15145  0.15700  0.16065  0.16304  0.16462  0.16565  0.16633  0.16678  0.16707  0.16727  0.16739  0.16748  0.16754  0.16757  0.16760  0.16762  0.16763  0.16764  0.16765  0.16765  0.16765  0.16765  0.16765  0.16765  0.16765  0.16765  0.16765  0.16765  0.16765  0.16765  0.16765  0.16765  0.16765  0.16765  0.16765  0.16765  0.16765  0.16765  0.16765  0.16765  0.16765  0.16765  0.16765  0.16765  0.16765  0.16765  0.16765  0.16765  0.16765  0.16765  0.16765  0.16765  0.16765  0.16765  0.16765  0.16765  0.16765  0.16765  0.16765  0.16765  0.16765  0.16765  0.16765  0.16765  0.16765  0.16765  0.16765  0.16765  0.16765  0.16765  0.16765  0.16765  0.16765  0.16765  0.16765  0.16765  0.16765  0.16765  0.16765  0.16765  0.16765  0.16765  0.16765  0.16765  0.16765  0.16765  0.16765  0.16765  0.16765  0.16765  0.16765  0.16765  0.16765 
 0.95500  0.00000  0.00623  0.04226  0.08086  0.10971  0.12939  0.14248  0.15110  0.15677  0.16050  0.16295  0.16455  0.16561  0.16630  0.16676  0.16706  0.16726  0.16739  0.16748  0.16753  0.16757  0.16760  0.16762  0.16763  0.16764  0.16765  0.16765  0.16765  0.16765  0.16765  0.16765  0.16765  0.16765  0.16765  0.16765  0.16765  0.16765  0.16765  0.16765  0.16765  0.16765  0.16765  0.16765  0.16765  0.16765  0.16765  0.16765  0.16765  0.16765  0.16765  0.16765  0.16765  0.16765  0.16765  0.16765  0.16765  0.16765  0.16765  0.16765  0.16765  0.16765  0.16765  0.16765  0.16765  0.16765  0.16765  0.16765  0.16765  0.16765  0.16765  0.16765  0.16765  0.16765  0.16765  0.16765  0.16765  0.16765  0.16765  0.16765  0.16765  0.16765  0.16765  0.16765  0.16765  0.16765  0.16765  0.16765  0.16765  0.16765  0.16765  0.16765  0.16765  0.16765  0.16765  0.16765  0.16765  0.16765  0.16765  0.16765  0.16765 
 0.96500  0.00000  0.00544  0.04062  0.07949  0.10874  0.12875  0.14205  0.15083  0.15659  0.16038  0.16287  0.16450  0.16558  0.16628  0.16675  0.16705  0.16725  0.16738  0.16747  0.16753  0.16757  0.16760  0.16762  0.16763  0.16764  0.16765  0.16765  0.16765  0.16765  0.16765  0.16765  0.16765  0.16765  0.16765  0.16765  0.16765  0.16765  0.16765  0.16765  0.16765  0.16765  0.16765  0.16765  0.16765  0.16765  0.16765  0.16765  0.16765  0.16765  0.16765  0.16765  0.16765  0.16765  0.16765  0.16765  0.16765  0.16765  0.16765  0.16765  0.16765  0.16765  0.16765  0.16765  0.16765  0.16765  0.16765  0.16765  0.16765  0.16765  0.16765  0.16765  0.16765  0.16765  0.16765  0.16765  0.16765  0.16765  0.16765  0.16765  0.16765  0.16765  0.16765  0.16765  0.16765  0.16765  0.16765  0.16765  0.16765  0.16765  0.16765  0.16765  0.16765  0.16765  0.16765  0.16765  0.16765  0.16765  0.16765  0.16765  0.16765 
 0.97500  0.00000  0.00487  0.03939  0.07845  0.10801  0.12826  0.14174  0.15062  0.15646  0.16029  0.16281  0.16447  0.16555  0.16627  0.16674  0.16704  0.16725  0.16738  0.16747  0.16753  0.16757  0.16760  0.16762  0.16763  0.16764  0.16765  0.16765  0.16765  0.16765  0.16765  0.16765  0.16765  0.16765  0.16765  0.16765  0.16765  0.16765  0.16765  0.16765  0.16765  0.16765  0.16765  0.16765  0.16765  0.16765  0.16765  0.16765  0.16765  0.16765  0.16765  0.16765  0.16765  0.16765  0.16765  0.16765  0.16765  0.16765  0.16765  0.16765  0.16765  0.16765  0.16765  0.16765  0.16765  0.16765  0.16765  0.16765  0.16765  0.16765  0.16765  0.16765  0.16765  0.16765  0.16765  0.16765  0.16765  0.16765  0.16765  0.16765  0.16765  0.16765  0.16765  0.16765  0.16765  0.16765  0.16765  0.16765  0.16765  0.16765  0.16765  0.16765  0.16765  0.16765  0.16765  0.16765  0.16765  0.16765  0.16765  0.16765  0.16765 
 0.98500  0.00000  0.00450  0.03857  0.07776  0.10752  0.12794  0.14152  0.15048  0.15637  0.16024  0.16277  0.16444  0.16554  0.16626  0.16673  0.16704  0.16724  0.16738  0.16747  0.16753  0.16757  0.16760  0.16762  0.16763  0.16764  0.16765  0.16765  0.16765  0.16765  0.16765  0.16765  0.16765  0.16765  0.16765  0.16765  0.16765  0.16765  0.16765  0.16765  0.16765  0.16765  0.16765  0.16765  0.16765  0.16765  0.16765  0.16765  0.16765  0.16765  0.16765  0.16765  0.16765  0.16765  0.16765  0.16765  0.16765  0.16765  0.16765  0.16765  0.16765  0.16765  0.16765  0.16765  0.16765  0.16765  0.16765  0.16765  0.16765  0.16765  0.16765  0.16765  0.16765  0.16765  0.16765  0.16765  0.16765  0.16765  0.16765  0.16765  0.16765  0.16765  0.16765  0.16765  0.16765  0.16765  0.16765  0.16765  0.16765  0.16765  0.16765  0.16765  0.16765  0.16765  0.16765  0.16765  0.16765  0.16765  0.16765  0.16765  0.16765 
 0.99500  0.00000  0.00431  0.03816  0.07741  0.10728  0.12778  0.14142  0.15041  0.15633  0.16021  0.16276  0.16443  0.16553  0.16625  0.16673  0.16704  0.16724  0.16738  0.16747  0.16753  0.16757  0.16760  0.16762  0.16763  0.16764  0.16765  0.16765  0.16765  0.16765  0.16765  0.16765  0.16765  0.16765  0.16765  0.16765  0.16765  0.16765  0.16765  0.16765  0.16765  0.16765  0.16765  0.16765  0.16765  0.16765  0.16765  0.16765  0.16765  0.16765  0.16765  0.16765  0.16765  0.16765  0.16765  0.16765  0.16765  0.16765  0.16765  0.16765  0.16765  0.16765  0.16765  0.16765  0.16765  0.16765  0.16765  0.16765  0.16765  0.16765  0.16765  0.16765  0.16765  0.16765  0.16765  0.16765  0.16765  0.16765  0.16765  0.16765  0.16765  0.16765  0.16765  0.16765  0.16765  0.16765  0.16765  0.16765  0.16765  0.16765  0.16765  0.16765  0.16765  0.16765  0.16765  0.16765  0.16765  0.16765  0.16765  0.16765  0.16765 
 1.00500  0.00000  0.00424  0.03799  0.07727  0.10719  0.12772  0.14138  0.15039  0.15631  0.16020  0.16275  0.16443  0.16553  0.16625  0.16673  0.16704  0.16724  0.16738  0.16747  0.16753  0.16757  0.16760  0.16762  0.16763  0.16764  0.16765  0.16765  0.16765  0.16765  0.16765  0.16765  0.16765  0.16765  0.16765  0.16765  0.16765  0.16765  0.16765  0.16765  0.16765  0.16765  0.16765  0.16765  0.16765  0.16765  0.16765  0.16765  0.16765  0.16765  0.16765  0.16765  0.16765  0.16765  0.16765  0.16765  0.16765  0.16765  0.16765  0.16765  0.16765  0.16765  0.16765  0.16765  0.16765  0.16765  0.16765  0.16765  0.16765  0.16765  0.16765  0.16765  0.16765  0.16765  0.16765  0.16765  0.16765  0.16765  0.16765  0.16765  0.16765  0.16765  0.16765  0.16765  0.16765  0.16765  0.16765  0.16765  0.16765  0.16765  0.16765  0.16765  0.16765  0.16765  0.16765  0.16765  0.16765  0.16765  0.16765  0.16765  0.16765 
